galaxyID,timestep,t,z,M_star,R_halflight_s,R_halflight_c,R_halfmass,sigma_allstars_global,sigma_allstars_los,sigma_youngstar_global,sigma_youngstar_los,sigma_allgas_global,sigma_allgas_los,sigma_coldgas_global,sigma_coldgas_los,sigma_hotgas_global,sigma_hotgas_los,sigma_gasNearYS_global,sigma_gasNearYS_los,alpha,SFR_10,SFR_100,sSFR_10,sSFR_100
431,004096,13.800820457603765,-2.1550990513269365e-12,1481473268.961433,5415.65272841786,2522.1306403595063,2.899169921875,27.726123563426455,15.800770643594277,15.57582438829658,15.628246581994517,28.598359071036818,15.800770643594277,20.877231872141557,17.47253778607182,22.32435229264983,17.677350556506852,28.306646920061425,16.490100237636433,-1.0,2700334.208720265,23760380.334410347,-9.739276301431396,-9.794840431518942
431,003744,12.616300495854848,0.0874040118424572,1290102430.2308128,4770.014939066899,2191.18691544609,2.593994140625,27.965005518523288,16.87515934099614,18.270142038151093,16.348502350582898,29.41773122221461,16.87515934099614,22.61482338123517,19.293298697275997,21.845252145288917,19.964422697135188,21.59913604708866,15.095344173724595,-1.0,2601955.953454885,22123348.66084621,-9.695324252891593,-9.765773329525782
431,003648,12.293249597180441,0.1132705552225799,1241608287.9155416,4600.323830788455,2105.5432036788925,2.5177001953125,28.173015537229663,17.724189077096252,21.707021977760395,17.998639565443135,29.539430724921978,17.724189077096252,23.535876010008547,19.28612329069245,21.123825643341643,20.192463819474078,34.96977427835564,17.49362093648621,-1.0,2666284.5405352935,22180003.859674357,-9.668078108315907,-9.748022985515181
431,003606,12.151914829021102,0.12489157769989812,1218389096.3642223,4526.661542960175,2068.465770673268,2.44140625,28.229399572466995,15.13448166248531,14.910268684610624,15.049602758036919,27.998728337931404,15.13448166248531,22.956498120038553,19.773380731221167,20.25155293349875,19.07001887985885,25.20698582222311,16.6670502129327,-1.0,2360589.953728983,18816450.868813235,-9.712765449238857,-9.811248292915577
431,003456,11.647147799872958,0.16801380303306515,1145495839.2270384,4270.524605107927,1941.1072474294413,2.3651123046875,27.768630229878163,17.135829382299995,22.28262210296801,18.54973680115002,28.101954642284245,17.135829382299995,23.698676479895095,18.49540777927267,19.976432360096315,18.855649446382465,25.09291162163346,16.74608699988919,-1.0,1963541.3449193323,17470901.801124226,-9.765953465706389,-9.816678193366188
431,003360,11.324096901214844,0.19703539019571517,1101934587.482058,4109.9079403521555,1861.965285412513,2.288818359375,28.085506490549566,17.054183716794476,21.460701554867203,16.38624651807612,29.26281913635585,17.054183716794476,25.94988627158373,20.379934243137875,22.016746655170163,20.337691045869,22.282184644545232,17.997345192143012,-1.0,2453758.8009702163,21350984.904549155,-9.652323944590135,-9.71273790140372
431,003264,11.001046002550355,0.22726672654624844,1052774813.137859,3950.8064548120187,1785.6478057585523,2.2125244140625,26.782275920749104,14.647651350938547,15.793795110594896,14.7618207473501,26.682689748363735,14.647651350938547,23.693652104935875,18.181877857599872,19.611173432660895,18.17619013827712,22.211767247405454,15.380654545024619,-1.0,1943917.4039806318,14227523.93909095,-9.7336576781784,-9.869206161197928
431,003168,10.677995103898317,0.25880171318919215,1009355321.7221667,3792.6811347568882,1709.6502087035474,2.13623046875,28.031999067445952,17.700878952256225,21.530291300574607,17.483560956553163,27.992623002975506,17.700878952256225,24.710988159746428,19.387164345379663,19.922818100074462,19.02012955344085,22.57540671904991,16.813028119317643,-1.0,1696667.9316909525,14350843.82662908,-9.774447225713072,-9.847166638891434
431,003072,10.354944205257882,0.29174512969248245,976019117.9151943,3636.8321413225813,1634.9147581163484,2.13623046875,28.19554059556306,16.238251938757585,19.709406271057752,16.471144944506946,30.28403761236213,16.238251938757585,26.689209693798986,21.126226876163244,21.97920188668694,22.0640059830949,27.444437896783764,17.85565137697567,-1.0,3874745.8329398227,23325290.02991459,-9.40121510467397,-9.621631272025422
431,002976,10.031893306606792,0.32621427192988656,939022389.2037487,3483.4423623252214,1561.0822898435836,1.983642578125,27.6392586985312,16.32323279898488,18.940349679621875,16.376633210670256,29.230231907666294,16.32323279898488,26.817404201813737,20.95057877162026,22.159716592920578,20.558540768700677,32.59998129438243,16.87932354221254,-1.0,1743300.2107531128,20573725.960610628,-9.731303764654188,-9.659362996525516
431,002880,9.708842407954277,0.3623408972477314,899319444.8530113,3331.040756553546,1488.3925652578823,1.9073486328125,27.04837787627271,14.985119334254488,15.754662266941109,15.85044687072978,26.84469787215763,14.985119334254488,25.754715272510175,19.059166587144915,20.94846912043292,19.93001395512185,17.83273817612051,14.918100167118899,-1.0,1191086.0764095762,14297433.507893503,-9.87797083587196,-9.798655898238769
431,002688,9.062740610652964,0.440180336396566,831080028.2952154,3036.5265093598473,1348.9300061930758,1.7547607421875,26.388102421527005,17.125134292167445,23.096030865404177,18.384213784498584,25.56134638436775,17.125134292167445,25.496429898702655,19.539201790700353,21.722546279323783,18.93291192083427,28.632212566994976,17.49814716815564,-1.0,1045217.8625896826,9662670.66288907,-9.900436022759168,-9.934545668355081
431,002554,8.611815397966737,0.4995510834092971,792168496.8038597,2835.62197798974,1253.6685279835795,1.678466796875,26.990798095111703,16.56810235294272,22.03916976085544,20.298695342417282,28.11440804416121,16.56810235294272,27.747578472131302,21.14501892320567,23.814984374096944,21.317660359653228,40.05335504842682,16.98036650781915,-1.0,1544320.0214772937,18374660.38991091,-9.710080265324978,-9.634598246284984
431,002304,7.770537016105923,0.623807002460379,707223177.6066337,2473.8789757489963,1086.429106702003,1.6021728515625,26.762777894165197,16.32293216485468,22.235300036199554,16.563756586677158,25.84507120330592,16.32293216485468,27.25152369351459,19.08349003302299,21.864763842911692,19.08480957409794,27.78919746382419,16.591947456622925,-1.0,1191583.0920115658,8065242.384950419,-9.773432153079256,-9.942939061452012
431,002208,7.447486117472482,0.6770739248549442,680451755.7421756,2339.766472438444,1025.090476581431,1.678466796875,26.6579912176556,17.627521828676223,24.945419332035414,17.406845248174065,24.342189842108326,17.627521828676223,28.003143394596183,20.30456616187398,21.590067272945248,19.754760481710203,25.33703163430855,16.71181985706952,-1.0,1446654.5275133206,9091108.588798136,-9.672432508445842,-9.874180493777601
431,002112,7.124435218821533,0.7339871667028218,645676293.6208198,2206.6064825666417,964.8329360907469,2.6702880859375,28.000502528774987,16.853850098873977,25.66833118340065,16.35227664871183,25.882643798724736,16.853850098873977,35.024106798826956,23.23767958658589,22.773209571084283,23.34821486185416,38.097278936272325,16.765624612982837,-1.0,1636151.1595715971,14907332.274932874,-9.596191416845965,-9.636614909604836
431,002016,6.801384320187274,0.7950046717061237,493807159.5898793,2082.0266613193744,908.0255828980105,1.068115234375,26.552445153020862,15.309588625322267,27.111924732769495,15.267049753705527,26.45946516704067,15.309588625322267,36.047520712978546,24.728685433294302,24.531271336365624,24.435789426679186,26.51655492314577,17.265425562666294,-1.0,1989280.209495216,16131158.010012975,-9.394861420329978,-9.485891837096302
431,001920,6.478333421547381,0.8606679900575129,560900085.1609452,1953.3286854655023,858.084375436038,3.2806396484375,32.321605874190254,20.014698318252997,30.28284731240032,19.09838545291239,32.20333278671616,20.014698318252997,37.29584493391748,25.620029383530515,29.8210807902106,25.131731627638167,34.222618188962514,21.32392275611189,-1.0,4327139.604402446,18355579.02401739,-9.112684599091462,-9.485117417136959
431,001824,6.155282522905529,0.9316226108145295,416944386.92374265,1818.6914995420293,801.1083096953289,1.18255615234375,25.130624418755744,12.472271653861634,22.04172038104533,14.2927640097057,25.28069104960116,12.472271653861634,38.08816646038127,25.705794843647,22.843423315538317,25.387696214646382,29.375846950935728,15.943367835155913,-1.0,992911.499993353,12636106.529617168,-9.623167590797824,-9.518464852961875
431,001739,5.869247873073875,0.9994830609015172,394630722.60131496,1705.2908526993133,751.0753758700018,1.220703125,24.547345015075617,11.401462868257656,21.48456045123974,9.710799485967467,22.94315919657982,11.401462868257656,36.079017888453464,24.831520961953018,20.842092318699788,25.090144995205975,12.79415410577805,12.282276584476921,-1.0,810099.4306588997,11469454.369092263,-9.6876525657694,-9.536648134810102
431,001728,5.832231624271862,1.00864462254664,392485408.67808247,1690.971476074356,744.6186115466114,1.220703125,24.764061749424204,11.725553823847466,18.408617892834865,11.550963142678722,23.267490006579962,11.725553823847466,36.18326657979788,24.500398069050103,20.603566294814783,24.149814258533418,26.8221755005464,14.26009781134525,-1.0,1653104.234922686,11721597.816343,-9.375523277272801,-9.524836699656833
431,001536,5.186129827004317,1.1848732073638788,338699873.3586526,1452.5966398285375,636.1514909646471,1.373291015625,25.61949325919855,10.975652120267071,17.75261204431724,11.259201631201204,21.48960367772273,10.975652120267071,34.523877061003994,23.637307472228713,20.092595558838987,23.385176127600822,21.303614427404348,13.19589736346072,-1.0,919678.1915638354,8870340.5477755,-9.566179146128805,-9.581874740789042
431,001440,4.8630789283625,1.2866713145888755,325922473.8246707,1344.2476686263503,587.4945654287241,1.2969970703125,25.878205151840685,12.613487175535523,18.434058153331918,12.306079407457187,25.41312606712948,12.613487175535523,43.0467501028651,28.94262186769877,23.285829292874727,29.310597546061736,17.354564295160966,10.187374345375508,-1.0,93546.75585976089,17826973.935904644,-10.542085577012196,-9.262036678540992
431,001344,4.540028029726254,1.3998773857496494,293539850.759944,1241.4229099504068,544.6867678501228,3.7384033203125,20.6314534881911,8.724031492965906,12.412523828615713,8.548837900768945,22.55076491522984,8.724031492965906,33.43212302696254,22.03509424163213,22.185360264193463,21.8804077356973,5.7848642512958435,12.32768002450279,-1.0,210632.41039404547,7110313.322765129,-10.144141871416867,-9.615778330340378
431,001268,4.284279401637358,1.4990917335177625,283754981.57323545,1155.696714743798,511.461178409517,5.340576171875,21.902430147843983,12.277869255406896,16.868740178938335,11.730505168615636,22.896422146008547,12.277869255406896,32.43625166020316,22.085613551361632,22.324087179591814,21.372804484092278,18.45458471247071,10.885561852453566,-1.0,352910.9683973704,5646431.555216228,-9.905278338348026,-9.701169426609653
431,001248,4.216977131086994,1.526800967183445,281272328.6408874,1130.4951919113341,502.3050909954575,4.425048828125,23.84439696898851,12.865774377640234,12.72727453747043,11.22491135991805,24.00717790844121,12.865774377640234,32.28768927926098,23.117546674636166,23.897382119109007,22.504720895853964,33.13252257368709,12.872895033253425,-1.0,688020.811887272,6154931.550940259,-9.611525433330085,-9.659903781203214
431,001152,3.8939262324479347,1.6704464395322314,186312721.59736192,1014.5332886261067,460.0924727105818,1.220703125,21.062752133596742,9.312990754200182,14.439894519592178,9.76477844829126,19.671577826395062,9.312990754200182,28.869837818950547,19.633931897811248,19.046974095239662,19.62199632357169,37.36450482269135,8.844241174828753,-1.0,122869.3448571196,2230689.84564592,-10.180798967310562,-9.921803319594956
431,001104,3.732400783128226,1.749737076322596,185263674.4534328,960.7109486541246,439.8131379181483,1.068115234375,21.481295867782393,8.367921775508481,11.902235258181275,8.037632788210349,17.7960428591585,8.367921775508481,28.513943341180845,19.871059606763154,17.08097020716693,19.88184248873501,0.0,10.23341982241687,-1.0,147619.07736146633,1165812.0855713699,-10.098647786839758,-10.201161720254438
431,001056,3.5708753338084795,1.8348024148864972,183588623.53550482,907.3943501402377,418.8617680866214,1.10626220703125,22.645036130436054,7.9141140410839155,9.252474570008639,7.365157309070275,18.481661549915213,7.9141140410839155,29.470695129717676,19.802864579950565,17.532574965377616,19.950447830629074,17.72102546786845,10.606852832653551,-1.0,516700.0705855733,4486997.892044019,-9.550607244832063,-9.611889900200984
431,000972,3.288205797501107,1.9998184905483134,178001295.94989076,814.5307185421608,381.5724978500176,1.220703125,21.725033760724088,8.054712910374874,9.23733101757806,7.811126038294763,18.584542141578144,8.054712910374874,27.708460137143565,18.7177060566423,18.539053613153747,18.773247320226705,nan,10.788987087442791,-1.0,232644.04812297662,1256133.769857878,-9.8837312180431,-10.151387272903296
431,000960,3.2478244351644134,2.025291841891538,178035956.42726368,801.2545233890796,375.9320193596797,1.373291015625,20.52906003078193,7.325483157329641,11.965693926355389,7.361846701113406,19.277408467171302,7.325483157329641,28.21474352484817,19.38008560738156,18.90337714962953,19.013936684971974,18.50174219973061,9.00834917078291,-1.0,102631.46566915434,1616867.9258051922,-10.23922719091443,-10.041833176057596
431,000864,2.9247735365263168,2.2494992472334023,166875525.94059253,698.3056823707755,333.4165204048991,1.373291015625,19.824213821550533,11.331211668484404,15.19702573988318,10.561939610788958,19.531801238107512,11.331211668484404,28.53708578899784,20.655377732855023,19.096057112563646,20.50331522375396,32.49331332184119,11.46048834655101,-1.0,1438218.6590269618,3952382.2113001044,-9.064567728611067,-9.625533711499761
431,000775,2.6252784325695875,2.4969661795476377,144869029.19751588,607.6106972741209,297.6636025513236,1.52587890625,26.197221766257314,11.895676020412537,16.26936272824163,11.897438817463488,27.108402636270682,11.895676020412537,41.687367713915364,28.170860459280156,25.162372209201802,27.495305536951392,38.2274310828283,17.353507779893615,-1.0,35376613.84054781,64838751.188471265,-7.612259288816747,-8.349140908186925
431,000768,2.601722637877184,2.5184004086558462,90930496.26906489,599.3211503262689,293.27364367107737,0.858306884765625,39.548541097413775,15.758995707640848,35.77551999942939,16.717717581472655,26.428090040795816,15.758995707640848,31.581118372635636,21.35956226170378,24.5803150273256,21.282101935882487,29.59243515836438,15.171627812741768,-1.0,1226927.3661850616,16729544.562148139,-8.869890707976147,-8.735225443252682
431,000672,2.2786717392364455,2.848559743307328,49123298.699426085,510.4293412508383,260.5171689872481,0.64849853515625,14.381523141220267,6.177586602638632,7.644587501480085,5.978033524114625,15.597575982543452,6.177586602638632,21.659448362171204,14.69695355504669,15.65038829648712,14.69019247634494,9.80788753690187,7.8846845608427465,-1.0,184907.8785478094,1122392.6087447593,-9.424332106648883,-9.641142724520432
431,000635,2.1541625387164287,2.9972897389778157,48150637.08712685,475.6941693745797,245.69941095172427,0.743865966796875,16.069768857363638,4.988114247442741,9.560764490593899,5.128064261384715,14.951604764368708,4.988114247442741,19.637725459636904,15.293604975763401,14.737119537497009,15.622879466292977,10.71361263959748,6.687489811515851,-1.0,112497.33849551,3690062.229817869,-9.631459789837237,-9.115568347468836
431,000576,1.9556208405943607,3.2663365241739064,39183337.211098984,420.67149462255463,222.21583577922343,0.762939453125,22.84747375072785,4.9330624475491796,4.201914722786569,4.79375736274935,19.359366289421384,4.9330624475491796,27.82322810368176,18.907822484334936,18.66025353158168,18.96003560361654,nan,7.976697005289206,-1.0,4921.160809715982,6832820.262249279,-10.901033864931037,-8.758501424990806
431,000480,1.6325699419522242,3.8166784400756883,20222413.287207533,332.46390603605664,182.7746947238466,0.6008148193359375,11.513096345506986,2.631068213242162,3.1729559942511085,2.560721895296454,15.491112432138664,2.631068213242162,23.72452119215411,15.705394052348241,15.190404669373867,15.654064545268643,7.853085618573112,7.128925458063861,-1.0,49230.19281848678,496293.68945651635,-9.61360144509239,-9.61009422882723
431,000454,1.5450769902361992,3.997992030079292,20082131.426685914,310.94671990482175,172.14169919590844,0.514984130859375,14.413847133352006,1.371271913731127,1.819657923833486,1.5398261173854126,15.445960924158642,1.371271913731127,23.00849085332608,16.200352949061312,14.979328771056108,16.26000671381891,nan,5.061856304290372,-1.0,3976.632986834108,2772494.3668214246,-10.703294294235562,-8.85993913255443
