galaxyID,timestep,t,z,M_star,R_halflight_s,R_halflight_c,R_halfmass,sigma_allstars_global,sigma_allstars_los,sigma_youngstar_global,sigma_youngstar_los,sigma_allgas_global,sigma_allgas_los,sigma_coldgas_global,sigma_coldgas_los,sigma_hotgas_global,sigma_hotgas_los,sigma_gasNearYS_global,sigma_gasNearYS_los,alpha,SFR_10,SFR_100,sSFR_10,sSFR_100
492,004096,13.80082045735428,1.513554349738855e-11,1187078254.7607725,6546.552142318356,3837.912861515053,3.662109375,27.427046933846373,16.46767489831176,19.833686710755,16.38826988589731,26.723631096997057,16.46767489831176,25.152755084240212,18.831909924745826,18.008611337378497,19.398163759304115,27.60839874575329,16.065164154928958,-1.0,3659308.7706579445,29255243.69644113,-9.511080292942331,-9.608275629389219
492,004032,13.585453191591753,0.015091542089015801,1151059696.41273,6397.656443416636,3749.475776491151,3.814697265625,27.560031420095328,14.966540050006873,20.443507168598348,14.399021493244028,26.02320269805463,14.966540050006873,23.829124414721772,18.147317402811964,19.22394649442525,17.594747056343294,28.205783762504563,15.255613250536477,-1.0,1871653.37900427,25564313.926695164,-9.78887242500493,-9.6534637056595
492,003936,13.262402292949817,0.03836862120726507,1084875104.17383,6178.3380178675125,3621.086155839321,3.814697265625,26.563892200754438,14.177990301660927,17.472093072960096,14.256338803810335,24.658062916674783,14.177990301660927,22.927387996550255,16.963503898184904,17.954942168669433,16.55878161923202,20.478562938258374,14.797706574274214,-1.0,1530913.0538649638,17988846.55891864,-9.850429216847012,-9.780376425711433
492,003840,12.93935139430683,0.062455581976010636,1026206908.0659837,5961.498778706597,3495.371408968779,3.509521484375,27.123250340954943,14.31331303441774,13.798543813275126,14.01807379303397,26.50191094060931,14.31331303441774,23.05946401504318,17.93974800054304,19.845069186605425,17.627022880116314,31.940522630471584,15.630311502347006,-1.0,1815314.5206717562,16316279.248782024,-9.752283052267178,-9.798613804304487
492,003744,12.616300495667957,0.08740401185715023,977497850.9444122,5748.352147354055,3370.766201630142,3.509521484375,26.114262619428953,14.665747621927224,15.6658788268316,13.7905713309007,24.236403808948985,14.665747621927224,21.608274920094615,16.78744336860626,18.028351471921923,16.262197013057758,27.84132479696301,14.512274590773721,-1.0,1233679.3443972492,9160311.232979244,-9.898913517896785,-10.028205581646462
492,003648,12.293249597023555,0.11327055523537416,926812967.3225365,5539.166440699199,3249.0068939478524,3.35693359375,25.70862410522999,14.921006121540227,16.78324280064366,15.141996665162564,25.063099844446224,14.921006121540227,21.97207803199962,16.514221225849738,17.565592055277396,17.778616828123482,28.76951599417801,14.617869927232285,-1.0,2303455.571747953,12063787.066554064,-9.604612261358671,-9.885508438484838
492,003606,12.151914828870547,0.1248915777123795,915863181.1396494,5448.598147774701,3195.8256187238285,3.35693359375,27.28931290041247,15.960036026901761,16.500747250436373,14.96921432684999,28.089865175100066,15.960036026901761,25.21216096697916,19.089200435005008,19.709776976447383,19.755639073913144,27.741977118860575,16.38136190275798,-1.0,1340076.8075045538,17729865.242748775,-9.834700909189547,-9.713125165457095
492,003552,11.970198698381537,0.14011755635913872,885894133.493674,5332.842777950616,3128.8551921069,3.204345703125,26.52658627717887,14.81826834461173,17.065852216253003,15.7890360830655,27.208486817671858,14.81826834461173,22.358970805124063,17.911364954479986,17.52849110779524,18.2081323700007,24.54778189434784,14.716103731721663,-1.0,2161508.373993758,12280859.165568216,-9.612624903347543,-9.858153074747774
492,003456,11.647147799742081,0.16801380304458888,854050813.8113543,5129.680601490763,3011.585255906715,3.0517578125,27.775321850869144,21.18067818963968,23.47665950201985,20.38679283902264,29.38866396420363,21.18067818963968,26.24269107879117,20.2147488417253,19.311770428220136,20.037013338799383,30.409002931965322,17.336326306039297,-1.0,2873250.8313649804,19364661.00293136,-9.473110169818165,-9.644473812209684
492,003360,11.324096901091844,0.19703539020698996,821744662.0385746,4929.385027383297,2895.9082802705907,2.899169921875,27.40092735829465,19.612488328761287,25.23321872151127,19.693736017358987,28.35033382608195,19.612488328761287,27.20891244207222,19.726439322551556,19.96074052628281,20.191366653172672,29.978661499635336,17.586453870379536,-1.0,1776592.0323634476,17189860.64271383,-9.665149181575302,-9.679464535735388
492,003264,11.001046002446282,0.22726672655619293,781971501.0823965,4732.908341287775,2780.549451660979,2.899169921875,26.760958282009174,13.387713422428927,16.37939127520354,14.632579471595303,25.85405834412814,13.387713422428927,24.36449139983476,18.341802531499127,18.449323803277387,18.7033363431135,11.03746171370993,13.601026107871704,-1.0,1327441.259260804,11062726.10791821,-9.770175613335537,-9.849328765286403
492,003195,10.76885316904181,0.24979488251810375,760198162.7330163,4593.766211176164,2699.9758243368724,2.74658203125,27.799087230290414,16.05480399570859,20.142527032738542,16.136273948439353,29.567004082248623,16.05480399570859,27.427453489077873,19.79968361308774,20.759659363592,20.194347133480115,21.38277615976129,16.66256630543466,-1.0,1819992.279001002,15838309.855363809,-9.620857270083402,-9.681217980550278
492,003168,10.67799510379844,0.2588017131991528,748922485.055631,4539.718226183801,2668.8067879875916,2.6702880859375,27.34323045003282,16.3104185502939,21.50339835414211,15.816805100911125,28.431832373577176,16.3104185502939,26.246944267432895,19.95307427228527,20.414880185222657,19.50695294641966,29.00248810243963,15.524989250002072,-1.0,1685966.8112107604,14370064.598224325,-9.647587848547046,-9.716978149258964
492,003072,10.354944205155268,0.2917451297031834,719417604.5508627,4349.322196066283,2559.0254133516937,2.6702880859375,26.882989342278982,13.993958734012207,14.108440159964077,13.957029834149623,27.22302254861212,13.993958734012207,25.837456144491863,19.155656650767035,19.136336436714384,19.919899905251977,6.720597087052408,15.98170946058727,-1.0,1826979.4409357936,12065260.405686732,-9.595247400792337,-9.775444361275294
492,002976,10.03189330652217,0.32621427193912644,686715118.6175348,4162.018188988281,2450.7081498103926,2.593994140625,26.075794703127016,16.001007383150693,18.080739285832593,15.334580752839875,27.782216246275876,16.001007383150693,26.924517483554702,19.02832044805846,18.783756469157776,18.79001325586158,20.590070796196848,15.218073883008065,-1.0,2036958.0517244802,11791975.49690806,-9.527794523451448,-9.765190040786639
492,002880,9.708842407884337,0.3623408972557429,658391680.7327905,3978.51608005218,2343.9736732281044,2.44140625,26.4135309954428,15.472951955156194,18.127465518714256,15.235012310436632,28.40545954370486,15.472951955156194,27.719709095829945,20.01814480840555,20.47569833047091,20.165636469037054,25.805910605498994,15.892854755494836,-1.0,2598386.372278347,14684177.695616335,-9.403780604777298,-9.651634703274269
492,002784,9.385791509250868,0.4002735471141707,628175243.3527416,3797.645566034663,2239.7735171746003,2.3651123046875,27.379229998567983,15.543676933717876,20.018905184667226,15.561041004780046,28.641633829871612,15.543676933717876,28.724415065951998,20.577236655044526,20.497771354261126,20.66563099746049,21.577182449410007,16.69800967676074,-1.0,1497703.2275421347,15897113.781235266,-9.6226550509803,-9.596762534030336
492,002688,9.062740610617896,0.4401803364010117,598019303.1796113,3619.798857367278,2136.6242098962903,2.288818359375,26.0366968912662,15.744152723537082,15.493341823152958,14.91244053372394,26.743715912637967,15.744152723537082,27.195186791310928,19.902473940961166,19.236013758914996,19.30579917557513,37.15177816614393,16.05266873215627,-1.0,1428872.2930068742,11961211.008784374,-9.621721787608408,-9.698940050721811
492,002592,8.73968971198472,0.4822523237422828,569147206.5873652,3445.1183852401027,2034.8636709762313,2.13623046875,26.293036327840365,18.02005456196703,22.358936738424728,17.495022004520496,26.144358347337626,18.02005456196703,27.441244750717615,19.383702423608383,19.271996508779548,20.334295846569475,52.50793380706257,17.845990180745325,-1.0,1516901.5956864632,9687888.775920697,-9.574267200459772,-9.768995464501007
492,002554,8.611815397942493,0.4995510834126124,560602990.6953812,3376.7250547692847,1995.302666267883,2.0599365234375,26.25099835870163,16.338690895077775,21.532721735500296,15.643042308160519,24.89180495480759,16.338690895077775,26.674330874964564,19.531612181605038,19.239311592410942,18.965869652721267,20.29482126870229,15.242830121913352,-1.0,1285355.2824407269,10681454.474457206,-9.639632223581708,-9.720025016479116
492,002496,8.416638813351698,0.5267076106203545,544553537.5803424,3273.7885529943624,1935.5128721819299,2.13623046875,26.92647962711631,15.659334566590562,19.789119653477094,15.67581063313033,27.862881193419472,15.659334566590562,30.37979313162063,21.290676255746266,20.695268826162796,21.377906075565853,25.334587698790124,15.981509042504864,-1.0,1173994.8006970629,12338569.788108269,-9.666374410148762,-9.644775761850479
492,002400,8.093587914715718,0.5737963620303684,519106508.46360487,3105.7550393274255,1837.4936851944212,1.983642578125,26.17958589798302,17.91816667319622,22.978398646986488,17.320057762689903,25.707672142923716,17.91816667319622,27.7482999470468,19.780808709998553,20.83886887854459,20.13542174052451,33.43163307041333,16.368683208031598,-1.0,1066518.51766937,10449111.580798388,-9.687288073631489,-9.696177107204086
492,002304,7.77053701607377,0.6238070024655125,493970002.8414133,2940.590115881815,1740.9199969048045,1.983642578125,25.583814111612092,15.616025945459251,22.071958108546855,15.737993396319016,25.939987258938295,15.616025945459251,28.619769742166746,20.154934571020434,20.71662932460895,20.44547763900348,40.03786729637495,16.325835290779125,-1.0,1093686.5533598135,8037627.603990745,-9.654807703871697,-9.788572695690744
492,002208,7.447486117440127,0.6770739248604541,473991917.2356522,2778.5720840728445,1646.476032641946,1.8310546875,25.74447821137133,16.565594430355482,24.011368844783235,16.76030944455045,25.14255521874591,16.565594430355482,29.758658292268926,20.701165081833253,20.67952931480292,21.173995203056652,28.190653696361018,14.546218093302212,-1.0,751095.5335421809,9249771.170894736,-9.800075756498536,-9.709639947007908
492,002112,7.1244352188052895,0.7339871667057826,451114634.3355806,2619.671518983234,1553.9361116443165,1.8310546875,24.835673379282763,13.489124122200955,17.77615690717347,12.855222163260953,22.777840743603843,13.489124122200955,27.823631934534383,20.17143233004198,19.90685654374022,20.78808363802549,45.20250755673873,15.668958286312717,-1.0,582355.156668322,7356101.822619471,-9.889098990572128,-9.787639183929612
492,002087,7.040307380619232,0.7494616046410307,448295752.51088434,2578.7016205895243,1530.0675379009867,1.7547607421875,25.427456505142224,17.395100602705114,23.4495002188492,16.532658631666564,25.370728001033896,17.395100602705114,32.924945649427194,23.130109593980173,22.529123470114786,23.421830233325814,37.62968314786784,16.702320272194385,-1.0,1331605.2340748936,14323506.954120558,-9.52718913050683,-9.495515260806549
492,002016,6.801384320168933,0.7950046717097137,423218972.4717547,2463.9066987827955,1462.559542946169,1.678466796875,25.63621498798305,13.460744057124687,17.50585648651945,13.264365500454554,23.47603938689376,13.460744057124687,28.1331375019247,20.073607469209556,20.556470437304167,20.150313532396996,23.57044173370126,15.343730559260784,-1.0,698965.5909842099,7534732.955910128,-9.782109331825653,-9.749497263670204
492,001920,6.4783334215357256,0.8606679900599732,403642699.35733545,2310.978380309851,1373.2209651856056,1.7547607421875,25.227487434879635,15.298157548558207,21.110717421024816,14.903824862009435,23.880230856420297,15.298157548558207,28.501347930618454,20.236440943774568,21.074800683072525,20.334101973432148,29.905327365842126,14.668143204348073,-1.0,650422.3422691121,7661108.809438638,-9.792801650819865,-9.72170547125738
492,001824,6.155282522901918,0.931622610815355,382939179.3197485,2160.5882466200383,1285.6066983238888,1.6021728515625,25.755660540222642,15.220524647451935,23.11213898833684,15.241495060661087,24.12769214673572,15.220524647451935,30.78491103046827,21.100273660296892,21.471723643984557,21.593318043175252,21.895486533305895,16.11920012861998,-1.0,1439290.6220400473,10586143.723079735,-9.424981306533386,-9.55839201630399
492,001739,5.869247873060722,0.9994830609047567,362000708.4018069,2030.1604301801497,1209.3078262991457,1.56402587890625,25.997996246046256,14.992772731023603,21.012678845094314,14.10934587552409,24.34262335493157,14.992772731023603,33.72924464985655,22.142127082040837,21.644146291763544,22.010992102361165,40.36788932707707,16.60494602861794,-1.0,1503315.1211781078,11576622.764822857,-9.38165939454889,-9.4951275387819
492,001728,5.832231624257091,1.008644622550315,358693300.3765199,2013.3189107665235,1199.4354570062574,1.52587890625,26.36808943028786,15.314001285986965,20.385647645130966,15.750258795728755,23.373823392817304,15.314001285986965,30.499384843375797,20.32985213679288,21.198445404024884,20.51400309963492,22.497790525810018,15.009855954068579,-1.0,1143679.5126094306,9418610.929236786,-9.496418923649314,-9.580736407941181
492,001632,5.509180725620863,1.0926761541198462,334319673.994651,1868.5279104351594,1115.2156361763748,1.48773193359375,26.836794285811397,14.228947047075813,22.071021062358763,13.946966440747783,24.03699063800802,14.228947047075813,37.817462261322696,25.22364355595945,20.32773332174506,25.474816630901184,30.111264349308012,20.24719193169503,-1.0,2086780.282223303,17338265.15618547,-9.204685210177022,-9.285156294257687
492,001536,5.1861298269800695,1.1848732073711385,288799054.28739244,1725.2398144572367,1032.1659105288993,1.220703125,28.40582318564327,16.22446600434826,22.003100187740195,16.308259131072422,31.19662718505126,16.22446600434826,38.86485174568622,26.498458782242146,23.438285428593034,25.698817823225838,36.213869333798506,22.422890683517192,-1.0,6854366.648727081,22767490.017089438,-8.62462843506692,-9.103280611920459
492,001474,4.977492788278422,1.2494155616352793,257069466.37123987,1634.962875018473,979.4024037951515,8.6212158203125,18.32360811259466,11.236637596328094,14.555631946016192,11.132202207935588,20.704906293977615,11.236637596328094,29.17537604336462,19.958699451959887,20.660042794633032,20.032634869530614,17.55908256396136,12.052594123891446,-1.0,667628.4075631372,9182008.446862813,-9.585515688422294,-9.447112808082768
492,001440,4.863078928345641,1.286671314594468,249574842.5854091,1586.365443262005,950.6069954050729,9.765625,19.074259670619828,9.777680714583372,13.97145457871071,9.609573827068715,22.091343250236086,9.777680714583372,27.61372920775868,19.444680137002052,22.4284015931305,18.528354480795464,34.10175703029308,11.686857385380165,-1.0,1930580.837846503,7984355.978352274,-9.111512814615635,-9.494960914358009
492,001344,4.540028029708528,1.3998773857562143,221230556.8893101,1449.059266656216,870.6548364505358,5.60760498046875,26.49127854358944,15.035782106195022,19.443554780591075,15.35289942442737,32.067047490619814,15.035782106195022,35.381773338292184,24.520753872970467,30.420311664271335,23.812751550285437,30.182298212201665,21.554692105537498,-1.0,609880.0838788305,5261221.925786606,-9.559600661203643,-9.623758491220382
492,001268,4.284279401619567,1.499091733524994,120965534.44185077,1336.2152637706972,812.5438718632104,1.220703125,17.991150878742978,8.539626335916218,21.298561276018397,7.762221873145354,19.66592978066519,8.539626335916218,31.431387810829023,21.826354440183422,19.1480732573623,21.66722057027131,19.69636782126043,12.865812705198975,-1.0,214370.97210765377,3427366.054686026,-9.751495671198544,-9.547701157471575
492,001248,4.2169771310706174,1.5268009671902745,119256869.12870865,1307.534886091065,797.1852450461756,1.02996826171875,18.36239770874347,5.669798589547872,11.859199639836396,5.7058415498821216,18.330433073396495,5.669798589547872,25.14770628742437,18.779995438495,18.04067375906072,18.830174151416266,10.879220639166144,10.385024316405993,-1.0,774070.5672598436,1869410.8796938886,-9.187702849102466,-9.804778637660455
492,001152,3.8939262324329116,1.6704464395393583,108883460.07176466,1173.5068994650737,724.8551523494721,0.9918212890625,20.32946089443414,9.428441997737071,19.590862258372272,8.567936073746603,19.37790410992247,9.428441997737071,27.022061833228193,19.127432270996977,18.87787754220358,18.976368436953152,17.198390200396716,10.61242402750512,-1.0,439601.88618575776,3404901.098548901,-9.393902366148698,-9.5048574117467
492,001104,3.7324007831138584,1.749737076329896,104401449.93755358,1109.3883652626114,688.9347033254247,1.049041748046875,18.61052912633815,8.487212766829392,15.077664711914805,8.504912219060685,17.42957856240337,8.487212766829392,26.226978042560475,19.206630558511,17.054655560135554,19.306999631742755,10.84696989271272,9.21840394979813,-1.0,242806.08922931313,3165260.481986306,-9.633446956208378,-9.518297074572741
492,001056,3.570875333795351,1.8348024148936637,101087548.95145714,1045.9719068782815,652.576970916676,1.02996826171875,19.050631661080907,8.173958326178276,11.7713014916117,8.10700354413769,17.11945735528404,8.173958326178276,28.61493601134762,19.653555076822485,17.07373539822911,19.696526579954103,15.10429025406642,9.673607785680538,-1.0,312852.71722162294,3927100.476252343,-9.50935773511457,-9.410625653434781
492,000972,3.288205797488625,1.9998184905561078,94660053.14442208,937.1017530847236,589.0879864794681,0.9918212890625,19.164780918673223,8.080084068130267,10.637896048638657,7.985429173207754,17.336164300826223,8.080084068130267,26.182614622701887,19.118907970253723,17.3440540426565,18.195377667132846,14.091947597626747,8.802060269319778,-1.0,42899.83682516394,2178461.9618872013,-10.34371110366029,-9.638016762831048
492,000960,3.2478244351585666,2.0252918418952635,95412677.7372067,921.8310832453212,580.0577546267052,0.95367431640625,20.089518720226824,7.977526343099027,10.317470625474407,7.98245823528316,17.891705744715154,7.977526343099027,27.439359646331614,18.659187263168985,17.80936626102786,18.76997352466895,28.102228069974476,11.506459498110846,-1.0,322246.08797189815,2735286.7744341963,-9.471418430629873,-9.542603218808976
492,000864,2.924773536518539,2.2494992472392865,91423374.00640884,802.8907646452394,510.3226939928252,0.91552734375,17.903903032459183,6.619122253183198,10.176430861060188,6.831171851841974,16.72217536397428,6.619122253183198,26.43772065610339,19.772659287052488,16.54998750760477,19.719176506052307,0.0,7.382936887384405,-1.0,37833.56871757447,847397.5727778851,-10.383179936202275,-10.032970029308018
492,000775,2.6252784325736487,2.496966179543969,81515070.68869157,697.0732361989491,448.1945610280711,0.87738037109375,18.156682532749496,5.572065018933471,8.89638031303963,5.751303443950645,17.833100644720744,5.572065018933471,29.588342099764574,20.506537713836174,17.07661630161544,20.78722129477872,0.0,9.74601463607371,-1.0,718454.1738322199,5689478.211339942,-9.054838837357934,-9.156165470929396
492,000768,2.6017226378807656,2.5184004086525635,80641184.94401519,689.024588691628,443.36755823179044,0.91552734375,18.190115820140743,8.601773752203005,12.017605471403016,9.17810806247859,17.78914684302181,8.601773752203005,29.398052006719222,20.422974428202707,16.915445304788026,20.26332676631611,19.747706578917413,10.883128891630033,-1.0,928439.7311165411,4859548.050177285,-8.938803183554473,-9.219961019990436
492,000672,2.2786717392376183,2.8485597433059917,66488380.4431371,578.9119697080473,376.2383449602239,0.782012939453125,17.31799465414752,12.074775225095589,19.619550885008213,11.897118605883172,20.818544104846406,12.074775225095589,30.072003323440295,20.24574838662995,20.550432555312963,20.597702020667818,19.198431149311777,12.087291291551903,-1.0,440294.97971848614,5318034.389157097,-9.179002020695954,-9.096994612943334
492,000635,2.154162538719276,2.9972897389742523,61469325.53324499,537.5579992309249,350.72100927140156,0.705718994140625,17.832314573085206,7.67036516122562,11.071424644674334,7.26737070689315,19.381331586102334,7.67036516122562,30.103875929997333,21.2493645023838,19.09435240545459,21.32590185807661,9.51741886059019,9.501564341596469,-1.0,423240.04669945204,5247161.279675095,-9.162071694254793,-9.068734034768223
492,000576,1.955620840594752,3.266336524173332,54936995.53604741,473.8950836959425,310.64369428774114,0.80108642578125,17.301148344319465,6.644273129776158,10.829392727085224,6.476495469853373,18.979415361743055,6.644273129776158,25.213862954838024,18.203652894463175,18.956713900315307,18.048544234283426,0.0,6.71781954978944,-1.0,66372.31384814171,2169541.0152819483,-9.917877946360967,-9.403497039585769
492,000480,1.6325699419557276,3.816678440068753,36089819.74106547,370.45579947639754,248.21744510954855,1.087188720703125,17.068173436334305,6.652267501595132,9.846665863386104,6.41910491859084,18.512305006570365,6.652267501595132,25.791145592894978,16.96783257511358,18.49419624718972,17.128961560884456,9.901661930767634,9.259836547755535,-1.0,2817170.3170654685,4890993.981040658,-8.107571609052476,-8.867987584511145
492,000454,1.5450769902401524,3.997992030070715,32465206.176264986,343.63347299813415,231.1711481895039,1.163482666015625,15.284063323942094,9.745050021878528,12.172974436190994,9.544846743691252,21.444003797880036,9.745050021878528,27.908160809450788,20.46728601835609,20.472820036288514,20.444860810375395,24.459198430197084,15.177821476012323,-1.0,503503.6288032131,6283693.201338801,-8.809415560377962,-8.71320319264326
492,000384,1.309519043313758,4.583801636509082,18943834.69457069,324.2776614568347,166.76486305553146,0.514984130859375,12.979993860286351,8.697555101357779,9.497063840443007,8.113270212564835,19.29521749169011,8.697555101357779,27.365738707873053,19.378725029269148,19.485467649584574,19.22844566930914,1.6155430280863485,11.294816640820478,-1.0,2278082.489308476,8485041.540116148,-7.919898449550838,-8.348813922541499
492,000345,1.178279615739082,4.992709930022365,10041958.115329234,283.98466131433383,143.89134238130686,0.400543212890625,10.163265918318482,3.472450288817807,6.781546013618094,3.968918518734065,17.712574559519567,3.472450288817807,22.18959755164833,16.139294030137947,17.72583755412327,16.13241739673566,0.7777362900468212,6.8884858117917425,-1.0,40733.85253302837,2251083.9086494143,-9.391862918810673,-8.649426722082426
492,000288,0.9864681446677545,5.748642531718282,7942427.418051258,188.49137262172317,130.88978037022054,0.3337860107421875,10.600227732465688,1.8283999195621128,1.8265482304436857,1.8457661624819028,15.98176673549664,1.8283999195621128,24.48107857628388,16.426841001677012,15.467575009315011,16.444426041894353,2.3303479589795657,6.943804873652768,-1.0,120720.16598651608,930403.1225174055,-8.81817343080355,-8.931282095458478
492,000273,0.9359914417542037,5.98970517952802,6475309.399600789,175.3851253487113,122.51053926118509,0.36716461181640625,7.80203348575801,2.6965928045310408,3.414939072182846,2.81380279753576,15.373976272528282,2.6965928045310408,24.226560609862283,16.06518766890297,14.84396580655683,16.08126235382999,0.0,5.06894130331705,-1.0,26489.849547928094,1847775.5016184975,-9.388181032784331,-8.544611319664076
492,000223,0.7677357653761726,6.978763446199712,6686483.904879504,134.08972578118144,96.03681967827501,0.4863739013671875,9.12576535048691,5.785413519788133,7.094233305632991,5.70563749309629,16.060227611362368,5.785413519788133,24.420726866469817,16.332225433233997,14.991982483351467,16.52296736608811,21.121025844546363,6.805520381573722,-1.0,514034.5461354761,3819733.993923491,-8.11420549643622,-8.243164683828278
492,000192,0.6634172460217758,7.7957474922575,3624552.37472965,149.40491048968795,75.2205394570266,0.3981590270996094,13.802500462462339,7.422705688519322,10.152232179166909,7.525803842538943,14.91948585356816,7.422705688519322,18.668049417132515,12.51834262968287,15.948677382851272,12.541175383572977,nan,8.38415382448449,-1.0,56060.15616101844,320457.394408654,-8.810600076487129,-9.05348408249922
492,000186,0.6432265648564957,7.979058217345093,3473965.5417208727,144.59278593319198,72.96109747226109,0.3546476364135742,16.347601967668815,4.211819879726871,9.242641040972178,3.7661410520716028,15.625593346742413,4.211819879726871,13.90557700875382,9.555673828352186,14.818357630170487,9.831091261229794,17.511271194784253,7.48545568007477,-1.0,52846.881374012635,165296.29389066386,-8.817806142762173,-9.322562390002556
492,000136,0.4749708884788437,9.992503306181066,4262761.091418593,66.00074808545818,59.13887043091728,0.0667572021484375,7.3259900804580536,7.173912732761785,10.706931959569907,7.195776132267682,10.711832772368682,7.173912732761785,9.348775442885122,7.084166496601081,9.641261327697094,7.162592118808188,18.08680607792447,6.711207576575193,-1.0,711494.1545709835,4262761.091418581,-7.777519656679504,-8.000000000000002
