galaxyID,timestep,t,z,M_star,R_halflight_s,R_halflight_c,R_halfmass,sigma_star,sigma_youngstar,log_sigma_pred_10,log_sigma_pred_100,sigma_star_m,sigma_youngstar_m,sigma_coldgas_m,SFR_10,SFR_100,sSFR_10,sSFR_100
515,004096,13.80082045719408,2.62387187000653e-11,1101489974.2110803,4.908992465593923,4.93128564816171,4.2724609375,43.990783681806356,31.57670903232004,1.4814362992556729,1.4477323353680382,75.01366395608115,61.16479278520212,73.0707160954534,3495296.6055085175,24343174.146790862,-9.49849651333666,-9.655603342582673
515,004032,13.5854531916112,0.015091542087638235,1071391666.4651583,5160.761678466868,5134.970455177051,5163.726806640625,45.38637130473858,36.55743467714753,1.424530393013345,1.4539497257249954,69.96557864873517,71.3203059116976,79.97881311277493,1910431.9157148658,26203729.077940993,-9.748816699163548,-9.611585163421749
515,003936,13.262402293228053,0.0383686211868757,1009755143.9988656,5064.527675608601,5033.780815774495,5063.323974609375,43.70984796454034,35.807097065769,1.4021297259465793,1.4059844831423869,67.56305131089604,68.02445840780935,77.00172194223298,1523246.3266130919,15877369.550261352,-9.821445934801156,-9.803437521047876
515,003840,12.939351394895057,0.0624555819313837,960808548.3288455,4964.7007234228695,4928.867840632913,4965.362548828125,46.60638123100324,35.3647626468409,1.4469958787151447,1.4149312842208683,71.44781194824688,68.19245758324239,80.15308836829742,2499511.099144284,17695676.934248175,-9.584781788748035,-9.734769677450668
515,003744,12.616300496535638,0.087404011788935,923882730.3545942,4857.758911207708,4815.065693844854,4857.025146484375,47.731748276891835,38.41603135119678,1.4414507949400206,1.4344525968057151,72.18303678721101,76.25866507927762,85.44689087733782,2378281.813578701,22054393.42261077,-9.589353534263175,-9.622121731576648
515,003648,12.293249598190341,0.11327055514021893,882796261.3902687,4742.419360745374,4693.127605367539,4742.9656982421875,47.434762426272925,36.30335963414698,1.387016522062124,1.3852522581874454,68.76969148194986,81.06997472869645,81.13714808397582,1337159.311288291,13119357.46164664,-9.819677332392057,-9.827947919874054
515,003552,11.970198699825739,0.1401175562368272,841446794.6293346,4624.255241960126,4567.0554569353535,4623.9471435546875,47.58191668022153,38.7849586332712,1.3490617800030142,1.344670916974604,67.2482426963696,75.43126063538242,76.50995428907632,897767.2896518728,8561596.40766814,-9.97186288264467,-9.992471908977818
515,003456,11.647147801490402,0.16801380289064402,810653514.6861452,4519.227638192523,4453.598832436621,4520.111083984375,48.66037722181662,35.84509825628675,1.4289711523843527,1.4007538551783452,68.58552189751164,79.93704841678802,83.76063624364178,2150028.1270660213,15844408.62260922,-9.576391128504198,-9.708959235774943
515,003360,11.324096903127758,0.19703539002037387,785428906.6461071,4409.995455838171,4334.010266942774,4409.2559814453125,47.919059988186646,39.15379609657991,1.3659919141522017,1.3750974140590138,67.96815560180848,76.08485244032222,78.98294784796704,1096290.1031935506,12098707.363846416,-9.855181387334182,-9.812367908443864
515,003264,11.001046004785694,0.22726672633266778,744952342.0260346,4319.032830280283,4232.206388149093,4319.0765380859375,47.72172317770831,34.86454794792651,1.3813713793661753,1.343179970498745,66.59421630508832,71.25178070966551,74.14414482258967,1312296.6564175212,8673885.070818475,-9.7540964675557,-9.93391482641403
515,003168,10.67799510642011,0.25880171293767046,718813782.3194518,10590.705156851298,10590.326306000727,10590.667724609375,47.71950044964254,35.11377824021087,1.3977237273200913,1.3892570635962356,66.67804663873449,78.7743771936682,79.00824022724623,1581432.7172638003,14426135.931500893,-9.657565676149678,-9.69746637549839
515,003072,10.354944208062339,0.2917451294000532,691904598.7085054,10335.690844108805,10335.54311064518,10335.731506347656,47.98913977046149,35.684098320481034,1.405941380363947,1.380447814161597,65.22772000326303,63.3910912314803,77.20900568284965,1746452.0575205109,13240221.52403142,-9.597889548964844,-9.718150965721856
515,002976,10.031893309701353,0.3262142715919843,664014793.2533361,10087.91953874796,10087.895430567205,10087.966918945312,49.29995954040143,42.19338929156406,1.3690522090303114,1.366539464330087,65.8173866955376,70.19173792423393,74.44294100766018,1182283.4180260089,11504177.252022905,-9.749456156422339,-9.76132219036937
515,002880,9.708842411339706,0.3623408968599541,639826028.7325287,9841.331299252652,9841.327069550855,9841.384887695312,50.321275690631055,43.17188022496208,1.3503154806538311,1.3295659064085825,65.77852915158886,64.75251034218788,69.51895413368479,973486.7446210709,7766931.12366901,-9.817731861249225,-9.915812449727147
515,002784,9.38579151297432,0.4002735466659295,622354837.2173309,9599.006019423381,9598.870520705845,9599.075317382812,48.66803755548728,32.03990182742247,1.3967651282422564,1.3759326059386219,65.97639460045303,61.002951387406924,73.61115010719003,1626018.3937728226,12959319.934524568,-9.582912615334237,-9.681455857740387
515,002688,9.062740614618294,0.4401803358938533,589940584.938168,8796.675014321505,8796.249214392756,8796.653747558594,49.289119107372514,41.6341753290341,1.3501638727693164,1.3047027647994793,63.78007283102962,68.0295419893303,66.54026617803751,992415.5369463037,6044391.123155254,-9.774114719636282,-9.989455715370642
515,002592,8.739689716252554,0.48225232317123823,577140982.3911296,3743.259212726466,3582.9622048399424,3743.2098388671875,51.34225941119888,36.4592420134757,1.3973579962609894,1.36264380279205,66.24012862566057,67.0210486734478,74.87431346931487,1670538.1996525053,11437419.426637292,-9.538425503403252,-9.702953866756971
515,002496,8.416638817899686,0.5267076099765934,544211319.392121,3651.504788752306,3484.613931659056,3651.42822265625,50.34180036720228,39.41125114699456,1.3454342750850121,1.3458742847637273,63.08872486225009,63.38998466104275,70.46092775979812,962617.8810561138,9672584.634610455,-9.752313646070847,-9.750225032236704
515,002400,8.093587919534096,0.573796361307009,521843488.3842977,3553.295999780459,3368.2786837598214,3553.16162109375,49.869655371829964,39.6028368773406,1.3672409729111545,1.3283017676177495,61.807221498064614,57.99599444811491,68.55629838096137,1235713.3808918085,8070148.8449088195,-9.625622519218108,-9.81065872379267
515,002304,7.77053702116601,0.6238070016524773,500054605.43077123,7774.724047405845,7771.030239006294,7774.772644042969,47.95275505098786,39.031392260635975,1.376468935577039,1.3464348765531373,62.623551843396996,78.79913005945608,74.08417781946129,1383254.8792387077,9954607.494064905,-9.558115220618703,-9.700993290766316
515,002208,7.447486122807322,0.6770739239463499,479672459.23418486,7518.119884875599,7513.344893200716,7518.196105957031,46.791387006755095,26.934061710624363,1.3575247958568448,1.3309892192550101,63.93898631381456,72.4358443286228,69.55450911704624,1136954.7165220536,8499065.691287994,-9.625201616199012,-9.751573597809822
515,002112,7.124435224442491,0.7339871656782864,459200824.5454723,3275.4967053743585,3014.254222184976,3275.45166015625,45.066207811155074,37.372575457171266,1.367077604750539,1.3036067947936447,61.840553699407685,60.44529540389723,66.83235161987783,1278036.6610620122,6366906.48704113,-9.555459347278514,-9.85807418793668
515,002016,6.801384326073057,0.7950046705538887,445154247.4697798,7022.0695015305455,7014.237725348647,7022.0184326171875,43.17922437220357,34.14965019304074,1.3845639929600482,1.3592388151886685,59.743099113667554,60.82279254645803,71.77974871214101,1562411.3965459992,11829123.955546465,-9.45471512345902,-9.575557938861587
515,001920,6.478333427710059,0.8606679887566585,427481490.7031869,6777.919314316736,6768.254863042561,6777.915954589844,44.530199949544325,34.73869002843535,1.3178154238773354,1.3108811329400882,62.102419837644554,56.50270883447736,67.29574889354235,758683.0139254087,7029708.789117888,-9.75085695438312,-9.783979980759767
515,001824,6.155282529343524,0.9316226093428627,412033939.0245069,6532.232419414509,6520.9653966152255,6532.249450683594,42.153691472149276,32.8105880443625,1.3053191613725947,1.2922296931390087,58.9069814007238,56.34722444517702,64.60231993061146,667856.0425514545,5782267.6442849375,-9.790250130434174,-9.852834800097213
515,001728,5.832231630978726,1.008644620878416,401080565.96922135,6311.869588510164,6297.918031621746,6311.836242675781,41.4473630627006,37.16388234907245,1.3255817655069582,1.2830305085197407,60.449066886816865,51.91279522643692,63.43510433915482,841037.2256338645,5262854.79253836,-9.678416400325585,-9.882010231546904
515,001632,5.509180732614307,1.0926761522169557,387068025.19023937,6045.939386710504,6029.121910600718,6045.83740234375,38.282880268850896,34.68117566671101,1.3137692142784068,1.3369536691904103,54.17337653400875,60.33920583039141,71.47893009168074,745703.6958297198,9629410.53541719,-9.71522100119008,-9.604187594128968
515,001536,5.186129834261393,1.1848732051908952,365657613.83542824,5809.421576541632,5790.195285192498,5809.4024658203125,40.182559885084885,36.969835844910136,1.2963258860698914,1.305457537376114,60.569683565695215,59.547877756477604,71.0174191085215,624902.9955470732,6912109.351014459,-9.767262014353028,-9.723464020713196
515,001440,4.863078935894275,1.2866713120903934,347758481.4288389,5580.982676472377,5559.540200983097,5580.9783935546875,37.97664243551566,21.780924244383613,1.3799919501294537,1.2886979025676626,53.74541903943222,29.046479410455763,67.37823343024476,1598418.4871744125,5824260.055808337,-9.337587236810897,-9.776036972555307
515,001344,4.540028037523346,1.3998773828622908,325859571.13561815,5315.876227218017,5291.317871810572,5315.7806396484375,37.08418633343399,29.24224186392976,1.2643164830213525,1.3012763033439292,61.596216599257964,50.93801991308336,79.14999218815676,452740.1665764957,6817993.323164403,-9.857181455299365,-9.679373910010776
515,001248,4.21697713915403,1.5268009638194593,298656921.1913771,5001.469700038215,4973.736422738006,5001.6021728515625,39.66795167113991,28.835606701625878,1.446022461579766,1.3716309105177826,68.26336136724676,56.408005256711476,82.94400830644796,3487657.679242515,15269517.330619331,-8.932638732250721,-9.291347274481968
515,001152,3.893926240786196,1.6704464355770872,266613406.16839346,4693.592598610016,4662.242205572922,4693.603515625,38.35656242371239,28.057499133123855,1.3667736519473996,1.3217704616956676,61.980803163558896,45.56282389107558,75.17414377097332,1499393.0571987904,9083701.534400882,-9.249966487777836,-9.46761912727932
515,001056,3.570875342417997,1.8348024101861427,247930329.69902945,4384.238475229888,4351.820294083334,4384.3841552734375,34.879391766899325,28.851788422418956,1.304175213033317,1.31467195038501,57.38518147945492,48.016663770628085,83.69965670941654,763336.9937308346,8581838.655690467,-9.51161334775133,-9.46074931268393
515,000960,3.24782444404981,2.025291836229594,226630752.35352227,4116.1397379852915,4083.8719082901066,4116.2109375,35.459869449102285,28.361144412069542,1.256933654669902,1.2718992289318565,51.12636308032059,37.401109453367404,79.57062790466506,462678.4846822895,5469795.889456633,-9.690039535973565,-9.617347719997055
515,000864,2.9247735456848263,2.249499240305914,210705342.05468357,2808.1015329631055,2788.695622414184,2808.2275390625,33.5759055187187,12.668079250249805,1.2911665539889592,1.3574921289510256,56.19794729966893,37.41310431534821,98.42571912404226,694018.1311423711,14593419.687773226,-9.482304730007026,-9.159518474108225
515,000768,2.601722647327514,2.5184003999926707,183410781.20872897,3594.100297882668,3560.3731370923547,3594.207763671875,29.295333957349598,23.74823443958963,1.2326004744352799,1.3584712871801097,48.522769546445446,32.974510555138906,108.9826011783003,375337.4530927638,15462090.006005641,-9.689002957976504,-9.074156663675613
515,000672,2.278671748955149,2.8485597322232374,148922634.74183807,3272.6054428289603,2927.4652322568118,3272.9339599609375,29.608175022200996,25.71973698706772,1.2959116194440496,1.333997666870121,47.723932228970064,30.51043593434333,96.93183317007971,819684.6560057121,12610401.749892855,-9.2593139057236,-9.072231788347084
515,000576,1.9556208505841046,3.2663365095068384,104183188.29874986,2936.4344219087716,2608.236169884981,2936.70654296875,26.086687150454154,25.963435866604296,1.322942405466669,1.388677457819714,52.630249517643115,52.841023729916536,120.91625167015539,1265553.8018793836,26810698.151583236,-8.915517031094444,-8.58948952075868
515,000480,1.632569952218097,3.8166784197497625,57025392.74275301,2589.9355690310026,2526.1802312996324,2589.9887084960938,23.87246326390109,21.00951420452274,1.24833816405566,1.2649963202362768,46.58373319322417,55.310224571930256,90.54976103131082,675705.6491063326,8198816.451360992,-8.926310735237525,-8.842317121133982
515,000384,1.3095190538457169,4.5838016064424,31230504.351673108,2239.4031560223953,2172.4024595398955,2239.4180297851562,24.588404656336163,20.929530047136566,1.2227861297557148,1.1695292773147246,42.82106244377482,31.96485572294511,70.91984305661134,643099.199270223,3429337.9819119032,-8.68630102901273,-8.95936870828997
515,000288,0.9864681554742273,5.748642482312595,17791809.408788472,1855.172739992544,1787.6161877161226,1855.2017211914062,16.820413379538945,21.9765097320563,1.1242431141302647,1.1147999118669751,41.901839392397285,35.48436848205647,56.63070077263198,255080.57146061937,2277623.5019018385,-8.84354273636143,-8.892738182157714
515,000192,0.6634172571031576,7.795747394203707,10750110.736519976,1420.2322380674352,1352.99370544237,1420.2308654785156,12.025675938046877,16.99662096186455,1.0251074201697683,1.0485220561162922,36.09724382232797,28.528801706906734,45.984506883354236,96634.32656215774,1284961.6720641097,-9.046281513494838,-8.922522764235952
