galaxyID,timestep,t,z,M_star,R_halflight_s,R_halflight_c,R_halfmass,sigma_star,sigma_youngstar,log_sigma_pred_10,log_sigma_pred_100,SFR_10,SFR_100,sSFR_10,sSFR_100
523,004096,13.800820457547763,1.726275229920308e-12,533643965.9017991,137.3096367699588,3.043489934062378,2.9511165960082115,3.1499999999999977,37.14544924721491,31.118239160660544,1.323488331864662,1.3177459365368283,761174.2343487423,7148460.162876414,-9.845767524020403,-9.873039101799646
523,004032,13.585453191715805,0.015091542080226844,519617032.24637675,971.8143302356975,15270.169812995082,15129.074328194669,15269.94999996667,38.84648243238002,34.753496941772745,1.3131935783290014,1.3310511272836274,684805.7810610551,8325965.301714228,-9.880115960184225,-9.795248781497449
523,003936,13.262402292968432,0.03836862120590054,500866271.07801765,946.3554847886414,14938.280171103923,14798.230874409035,14938.499999967386,37.67350210387545,32.32607317365938,1.3186232711103205,1.347148045005857,733726.4322745826,10028281.872612571,-9.834187622089557,-9.698495254268611
523,003840,12.939351394333183,0.06245558197401147,481373280.2096066,921.309850378811,14605.890144530413,14467.06716267984,14606.249999968115,39.15810696235857,31.75990895046325,1.3321221319870475,1.3176076447386085,859713.3775725588,7332242.8275393555,-9.748128295409016,-9.817245140646847
523,003744,12.616300495692657,0.08740401185520805,464056922.2633234,895.2611784669301,14278.160555002458,14140.9048700815,14277.949999968834,38.50897131296754,29.925083906216543,1.3275051477670217,1.3153158154183056,825348.7164946345,7220002.940647544,-9.74993377510942,-9.80803388090373
523,003648,12.293249597044124,0.11327055523369688,447101934.204699,868.2921513618458,13966.012393700643,13829.513677132483,13965.64999996952,37.94607055539669,30.589621705338217,1.3136996985288953,1.2979796884769819,716386.598650975,6027617.147235295,-9.795259095706813,-9.870260888990051
523,003606,12.151914828889588,0.12489157771080113,440986586.7209605,858.6438988643176,13824.967784349607,13689.228107526837,13824.899999969824,38.936604863306265,32.28267703095681,1.3236994922194762,1.324683020363727,802565.9296732448,8112877.558632702,-9.739944660711105,-9.73525045838265
523,003552,11.9701986983988,0.14011755635767656,430881263.23898274,845.1694259125005,13645.131857564853,13510.339944750584,13645.249999970212,37.8271922403414,31.743053557007325,1.2910588175580735,1.2788138769723498,564082.8852209665,4930201.00427127,-9.883014686272567,-9.94149298349289
523,003456,11.647147799761662,0.16801380304286453,418306635.82555073,821.7177381887301,13341.689799775184,13208.825713503657,13341.999999970876,38.99834810382076,32.863854839092,1.2935033101429516,1.3027338352819422,584029.290881271,6464740.485914674,-9.855060125210155,-9.810943658402318
523,003360,11.324096901122946,0.19703539020413974,404468708.30538625,797.9714391014634,13043.02814906821,12911.322205715056,13042.89999997153,39.60342013712893,32.421709450785755,1.3186289656492882,1.2765802106091348,777210.1741025801,4890950.356381087,-9.716346450969128,-9.917491673371646
523,003264,11.001046002483594,0.2272667265526278,390239037.6417974,773.9633586161669,12737.970717809789,12608.022805456305,12737.549999972201,38.30766989724983,31.35241356385932,1.2871962102459282,1.2588311253121183,555071.4683801093,4060072.7747722785,-9.846981807540088,-9.982796893810633
523,003195,10.768853169086164,0.2497948825137344,383014467.95864266,755.1287724040857,12533.09347075301,12405.636769064302,12533.49999995786,39.385986599062775,28.99892741256653,1.3079194946165178,1.2834310402066544,701156.0762814771,5351849.648720377,-9.737400477262014,-9.854711275131523
523,003168,10.677995103845145,0.25880171319449496,379028014.7223427,747.3014278640452,12450.587779572463,12323.875582608667,12450.649999972828,38.75062157549611,31.964336381464275,1.2731822207942671,1.2569688120978322,479314.56959050754,4008018.7513622013,-9.898050680412451,-9.97574156603837
523,003072,10.354944205206717,0.29174512969781813,369637703.8460809,709.9332881376326,9519.721547317436,9120.364441321832,9519.89999998104,38.25573459058553,29.42112366419457,1.2514512071084847,1.2124775541533686,379615.5429314134,2468700.3190498957,-9.98843227796659,-10.175307890613738
523,002976,10.031893306568252,0.32621427193409447,361926506.267773,694.3575796351727,11836.65128320486,11714.44179148005,11836.599999974167,38.60979027372062,33.446776474419714,1.251814584162018,1.1984711289907122,383265.00365370634,2126081.517135498,-9.975121225364367,-10.2310404785209
523,002880,9.70884240792296,0.3623408972513193,356566846.0855741,675.3850930657524,11527.373662863667,11407.293945813468,11527.649999974841,39.284517988559756,24.131102296266516,1.333544161549659,1.249060317627736,949449.4856021323,3732462.287133128,-9.57466909607926,-9.980145531314934
523,002784,9.385791509288214,0.4002735471096751,347985248.67127204,664.7173580716892,11216.292569881763,11097.184898774318,11216.249999975515,39.79126546258365,29.580367364975896,1.2601348882797783,1.241507065341093,424607.34012574994,3455626.9728583237,-9.913573336820763,-10.003033979074864
523,002688,9.062740610654252,0.44018033639640275,340476892.21085083,654.7742275792586,10903.720431915865,10784.144003433063,10903.799999976201,40.12284162111402,35.48941779637032,1.2334951323423315,1.1941603833874044,318077.93542729964,2058348.738812484,-10.029554098345974,-10.218568684511736
523,002592,8.73968971201943,0.48225232373763854,333717002.85098106,637.7333425215166,10586.606400341087,10465.399453433041,10586.699999976894,41.51938846116128,28.644823473229515,1.2934840396649927,1.2490145956099714,621219.8108629562,3797032.447580949,-9.730133037440432,-9.94393402605916
523,002554,8.611815397976018,0.4995510834080265,330617937.61544085,631.1391931126325,10464.335081429363,10342.46819506364,10464.299999977155,39.28715441294973,33.0838734992658,1.1788881713618016,1.2321403305825143,175104.34759599552,3157813.4662825684,-10.276029483300182,-10.01993994001754
523,002496,8.416638813384477,0.5267076106157145,326856739.35190713,620.662825673638,10279.237443184971,10156.373671168396,10279.14999997756,39.6559789651128,24.991278358725694,1.2831208509229077,1.2508627981382343,557111.1249233327,3897321.098324392,-9.768415613019584,-9.923591255399112
523,002400,8.093587914749294,0.5737963620253291,320771901.850625,604.5160844618795,9992.578959302191,9870.928744399484,9992.599999978192,38.43039527929854,28.3229709233226,1.2472522532489596,1.233524502281805,376360.41733371624,3232471.063370578,-9.93059237763515,-9.996661673244471
523,002304,7.770537016115507,0.6238070024588487,313978645.0689385,584.9582183708293,9701.021172038552,9580.84543718018,9700.999999978825,38.58832390074604,33.23441819456357,1.1916064316131527,1.2019786073606498,204251.17945466968,2291459.6897408986,-10.18673553793164,-10.136787889242163
523,002208,7.447486117479623,0.677073924853728,309722791.9678128,481.3084176595522,7271.417118564323,6865.4614724439,7271.4000000176875,38.425461833119044,33.39612821330717,1.2103435780404532,1.1453699852585735,252317.42266102473,1227302.4749523718,-10.089025925684002,-10.402021555509029
523,002112,7.1244352188440105,0.7339871666987251,306061209.1293125,519.1897983196227,9169.037367813198,9063.75327851273,9168.899999987232,39.67650601894795,33.482403246841,1.2266616625371267,1.2413270132424339,303346.10509491595,3569501.7327948348,-10.003869866588483,-9.93320069252702
523,002087,7.040307380657534,0.7494616046339208,305354361.62984407,508.92810692815146,9093.46416157699,8988.826864285713,9093.749999988559,37.79058217698816,13.124276286082486,1.352198791522649,1.3339421840735672,1222309.0358429304,9981619.01672955,-9.397623105497056,-9.48560313828056
523,002016,6.80138432020901,0.7950046717018667,293332429.97931087,487.51477126078083,8833.14144794412,8725.296700604518,8833.199999993158,37.90299890216742,20.485504523961687,1.259502119513867,1.1625046985547045,441914.8731626086,1504543.4983458568,-9.822021461470532,-10.289955331681755
523,001920,6.478333421571772,0.8606679900523643,288811817.36915725,423.97629057067644,6576.013985794747,6174.224905175564,6576.300000003589,35.648089521277406,27.537728759879826,1.0742180499235618,1.150691636069388,56626.86419814024,1324636.9027435924,-10.707592446821794,-10.338518109586918
523,001824,6.1552825229314845,0.9316226108085977,274880996.136251,402.4774955895678,6335.456165888245,5931.403089547724,6335.400000014282,38.17579697226333,28.65366412532012,1.2761429313039225,1.2059212150555743,541667.4074773506,2479635.7571062446,-9.705412011428,-10.044756825601898
523,001739,5.869247873097478,0.9994830608957048,270428162.4681474,384.6208398530573,6122.516954472434,5720.497494110221,6122.350000003342,37.90618735013754,22.735007944151874,1.3218889605074575,1.3176391966109058,905637.9424484016,8637913.50066779,-9.475097307828676,-9.495643066434281
523,001728,5.832231624291418,1.008644622541776,268183390.85032725,382.4866623060774,6096.6690638094615,5695.498577423357,6096.150000003327,38.398033977110444,23.22306270641509,1.3475252230934718,1.320667158275898,1207883.9621057524,8956730.822292924,-9.346406662713784,-9.47628235509045
523,001632,5.509180725650191,1.0926761541118652,256972800.2106008,365.30507437328674,5854.068100474047,5458.144716995996,5854.300000003195,36.46070344188623,29.269859868173707,1.1970916512355938,1.2845727501602706,228867.94889899628,6068618.251849709,-10.050302179502763,-9.626797338081527
523,001536,5.186129827006311,1.1848732073632815,239734042.86905313,347.7944563990445,5616.752675942431,5225.135848799245,5616.650000003064,35.94680541376885,34.76512846401772,1.1767953902614314,1.2651169743800408,185949.17806595453,4986042.393933184,-10.110335446352215,-9.681973742597833
523,001474,4.9774927883007924,1.2494155616281286,235437899.03701365,336.96758114152726,5460.786589579605,5072.0866805002515,5460.750000002979,36.74218744172635,28.547375126334977,1.1801498144245839,1.3027649338215057,193996.81336444488,7634248.092213448,-10.084081777451978,-9.48911010439437
523,001440,4.863078928366592,1.2866713145875182,228228032.17095038,330.97675779137785,5375.1629770834825,4986.264190072157,5375.35000001079,35.46442423057371,12.66199387364521,1.429181912686574,1.3346285626899814,3168639.6044712965,11007470.573586931,-8.85749613959367,-9.316681452569712
523,001344,4.540028029728787,1.399877385748711,209411079.71949425,309.6420623254156,5130.471045687961,4743.004884582472,-1,34.755887764445895,17.755443004482622,1.3133212824840221,1.3133081988711397,891345.3557118082,8912146.595549645,-9.370953650046921,-9.371017334432679
523,001268,4.284279401641342,1.4990917335161413,195105084.88633278,291.85402719881165,4923.692107231569,4534.739455249298,4923.800000002686,33.880655403254686,15.16296334606201,1.3662458139543991,1.340472118079037,1652127.734589819,12369537.446543476,-9.072224966404912,-9.197915128572967
523,001248,4.216977131090062,1.526800967182166,188370701.43233183,286.84183308311657,4871.015052467381,4483.173954614834,4871.250000002658,36.13011236693315,18.469906226432126,1.3638170451330192,1.3163152247325187,1627056.1863395986,9539680.939595938,-9.063610804479133,-9.295479505249835
523,001152,3.8939262324448984,1.6704464395336722,162119042.89138973,248.55665160882614,4613.681114759797,4236.8187017233395,4613.650000008019,31.882050437066535,28.05665844922568,1.1795869977965432,1.2100305575203971,214374.93040072205,3022560.610412101,-9.878660034727513,-9.729459012731413
523,001104,3.732400783126118,1.7497370763236673,147281226.73645118,231.81690301705578,4387.1631756922125,3883.8230987341162,-1,36.697202477085256,23.043150154880095,1.4169148466866428,1.289079006597587,3234707.119930833,7615643.497549766,-8.65831242837963,-9.286440787122489
523,001056,3.570875333806328,1.8348024148876723,141854682.06739628,224.18792449673134,4361.623948621387,3988.250809055604,-1,32.05921227457881,19.16382216507687,1.3181285733942518,1.327202870253752,1071792.614674367,11877987.455773354,-9.121732914572505,-9.07710081244103
523,000972,3.28820579749815,1.99981849055016,127191703.51810896,207.53202574563196,4127.386327715421,3755.2100961896904,-1,26.251727636713728,24.112218795480565,0.984765867416864,1.2890977553066794,25255.475952581677,8009886.880944007,-10.702103226571623,-9.200832401167824
523,000960,3.2478244351686545,2.0252918418888353,127132584.73291922,204.77588604739884,4092.8232022185666,3721.2138884612623,4092.950000002233,29.548056220317577,25.22077823280312,1.3991877605878877,1.285967464436903,2797551.2832465703,7731339.111964933,-8.657478820189874,-9.216002154011317
523,000864,2.924773536528127,2.249499247232032,116954745.07350266,180.550998755476,3712.423061504629,3252.9313759984498,3711.850000002025,25.598649549249135,28.541035062263738,1.0011045038213766,1.243233905406517,31083.034172761527,4893961.765237737,-10.57549444075756,-9.378357274602307
523,000775,2.6252784325778133,2.496966179540208,91664267.42712708,155.12009929753162,3564.7416549476557,3211.9198686485934,3564.6000000042022,27.53326944949047,16.223259831090935,1.287570716961691,1.1911142876896574,885622.8463930403,2932134.548489054,-9.014951260445205,-9.49501617680674
523,000768,2.601722637885379,2.5184004086483354,90812430.21079123,153.9582820758603,3543.5318430373927,3192.7308037596304,3543.4500000041253,27.05285472613718,19.478156064438377,1.1990088453991699,1.149310999353247,322011.78901500214,1821637.7945456314,-9.45027352615935,-9.697683269634746
523,000672,2.278671739241633,2.848559743301413,66556402.263042524,139.95759284451225,1922.2287963242593,1865.895655068582,1922.1999999987995,21.479611163311876,16.546552899227063,1.2199926366155214,1.2522131503834015,458462.88529449154,6653900.978672149,-9.161885654660678,-9.000113504386357
523,000635,2.1541625387237056,2.9972897389687088,60083098.61236831,130.45565961963302,1851.563553981015,1793.6167574066317,-1,23.830610329086582,19.786318417996362,1.2950046181212544,1.246102354904552,1137098.986924602,6450279.525035104,-8.722954049451149,-8.969173786717219
523,000576,1.9556208405977324,3.266336524168956,53756595.474743664,115.79090268281603,1745.9175015296553,1684.1762622303604,1745.8499999997618,20.43330099427656,18.731813860702236,1.111499534830326,1.3185208029450526,140882.90803556354,15645955.908913238,-9.581573448532746,-8.536029654029026
523,000480,1.6325699419561446,3.8166784400679257,32827684.72040613,72.3074414477455,2638.694062584239,2364.119575740977,-1,18.394521157984578,19.96031929259334,1.0690223037852546,1.0782892903390051,102709.19153303416,1145666.4478774439,-9.504630943054298,-9.45718205929397
523,000454,1.5450769902404442,3.9979920300700815,33789213.42475387,67.12747089243955,2546.3735283956335,2277.7520907996886,2546.400000000498,17.21297357310284,17.136542591061378,1.1762344683483978,1.3130691032177908,359226.78355706844,18006281.094963778,-8.973409372275635,-8.273354056394576
523,000384,1.3095190433134112,4.583801636510073,13765818.284317933,52.740864156274945,2282.560235113803,2034.2816587656619,-1,16.186306603703866,17.403572876684876,1.1540205429340011,1.1635111905456097,411102.4737861756,4610595.011965528,-8.524851942220312,-8.475045056259228
523,000345,1.1782796157384856,4.992709930024394,9198186.897417922,46.65957546787672,2130.881042863837,1905.1468185395847,2130.950000000086,14.591518203474262,20.378681902530822,1.0431409347755687,1.0532896672294907,129452.9180023358,1465535.2007590418,-8.851590385404743,-8.797705975492319
523,000288,0.9864681446671207,5.7486425317211785,6691684.98615405,40.35912081003895,1896.026753529301,1688.601055260507,1895.9999999997412,12.712957672998002,18.513627309021526,0.9783178497160019,1.0159518318305767,67944.56616111954,1081024.3824865536,-8.99338075824492,-8.79169999861028
523,000273,0.9359914417536701,5.9897051795306835,6057140.772607726,38.6670346534242,1831.0419117619208,1636.8929663255349,1831.04999999975,11.958492391112577,18.10531282734845,1.0504131919349642,0.9488306944521632,173994.55002786126,494947.6270612952,-8.54173202188097,-9.08770842067278
523,000223,0.7677357653760125,6.978763446200821,5233775.938469926,30.503178960226087,1614.4851019879877,1436.3339710986866,1609.8999999997782,10.330995473385471,11.089910554441994,0.8864307165605734,0.939420661609116,24454.766866746253,472496.0659986076,-9.330451599315941,-9.044416929332552
523,000192,0.6634172460218144,7.795747492257156,4890461.03101993,23.53894821460375,1471.8069573042462,1305.0346401417955,1469.5999999997912,10.024428768422446,16.540714626953378,0.9939990733094733,0.9526539198023258,96382.61195767546,575934.8265752492,-8.705351111183882,-8.928976461681293
523,000186,0.6432265648565445,7.979058217344642,4813310.662173349,22.38926055903588,1447.2519583624307,1279.3967163094212,1442.199999999793,10.597366909459225,14.393797985435963,0.9440743495680988,0.9459670526137576,52165.20743907028,534100.4024530335,-8.965062954221798,-8.954820987732683
523,000136,0.4749708884793045,9.992503306173951,4378454.805643575,13.568758537081033,1195.1515752985697,1050.8808189921217,-1,9.057301559763825,8.636705666534782,0.9412954308029029,1.0585192738708766,52822.9064574619,2285273.4385196436,-8.918498577713335,-8.282382699379601
523,000105,0.3706523691250838,11.969658824336445,2190329.7142865136,8.000192135973677,975.4428283561222,877.2716998099991,-1,8.472496787552345,nan,-inf,1.023635424526551,0,2185653.895706525,-inf,-8.000928103558644
523,000096,0.34036634737699484,12.72828943923417,1477759.200128183,5.380281565670133,920.8324430778014,827.3548070306667,-1,7.776955448960528,7.922431174808567,1.136032420122294,0.9745136989554998,1189316.5802223142,1477759.200128183,-7.094306198418832,-8.0
