galaxyID,timestep,t,z,M_star,R_halflight_s,R_halflight_c,R_halfmass,sigma_star,sigma_youngstar,log_sigma_pred_10,log_sigma_pred_100,sigma_star_m,sigma_youngstar_m,SFR_10,SFR_100,sSFR_10,sSFR_100
556,004096,13.800820457673819,-7.010421459463644e-12,1100284889.1772025,1.4816457431189018,1.3356809545212918,1.171875,56.385826438166276,47.540847710572365,1.4113388082512917,1.4143704192357616,66.85198394151308,56.20944171596357,1647578.3045277053,17020720.33889261,-9.824659084103414,-9.810527212551692
556,004032,13.585453192093578,0.015091542053461384,1074521277.1912966,8102.2112569421715,5773.011069469863,-1,60.85798905055372,58.61314620653624,1.4217403387892862,1.3828290281266464,67.01508981801463,62.443382964411164,1852724.176893371,12198762.69052683,-9.76340425079563,-9.944899236806485
556,003936,13.262402293712823,0.038368621151350604,1051674355.3712904,8005.739939580533,5683.526074012625,-1,59.91978684869407,58.29362421311855,1.419708705942868,1.4102389202822505,65.62741074933112,70.07641334074764,1822176.0927740377,16458715.823329736,-9.761290939633303,-9.805485337206036
556,003840,12.939351395342218,0.06245558189745954,1014126416.0376016,7911.324388742412,5594.254915309108,-1,60.5969057601973,59.32699847491714,1.4658028821605926,1.4170780968266454,66.30400086242557,54.89662549278834,3018223.3051697817,17870927.60802883,-9.526340727215665,-9.753944999825402
556,003744,12.616300496910597,0.08740401175945652,973666698.811297,7814.785643852625,5506.829146092779,-1,60.598774963180716,57.781232604668496,1.4345582782398414,1.4134672448995675,65.85276805356605,65.16890607146358,2178824.785827795,17361961.045078408,-9.650188009524731,-9.748811539129317
556,003648,12.293249598498246,0.11327055511510863,938492894.2985002,7727.2969822436025,5432.049147246262,-1,57.8863995937787,54.55205749492396,1.4268268918553326,1.4254565067778346,62.92773757239506,60.93213728794093,2023349.7089745523,19936865.141852535,-9.666360037494934,-9.672774117558252
556,003552,11.970198700121397,0.14011755621178743,893284020.9708154,7642.9927800157075,5360.427767134081,-1,58.97837944068929,59.0749859073203,1.4582104491623178,1.4144580615470443,63.86962288924372,70.45872973782807,2874589.0152760795,17928075.409154087,-9.49241380374894,-9.697455895153482
556,003456,11.647147801724714,0.16801380287001197,850412302.3993896,7558.385930914346,5297.252838975011,-1,57.573753591743746,58.27758554172285,1.406862441764988,1.3951814829993645,62.157249510236824,66.27947815803977,1672224.7074710233,14739529.394979041,-9.706334898299279,-9.761145916684665
556,003360,11.324096903336734,0.19703539000121836,814629359.2041875,7469.697632660354,5226.128326496841,-1,55.31420362979586,56.912898022078664,1.379405528688086,1.4074028110478178,59.58217719142882,63.87438538768744,1256182.900853772,17004770.988904446,-9.811907180487815,-9.680389270520958
556,003264,11.001046004963836,0.22726672631564693,777948794.4481398,7375.181867865514,5138.4813935899265,-1,56.42471738686348,61.66470702241153,1.3797170569686406,1.3658310193910799,61.07763658331026,69.10922590104056,1274970.9446772116,10969654.434440358,-9.78545072438805,-9.850758065465465
556,003168,10.677995106583014,0.2588017129214228,747322942.3221422,7277.900298480636,5052.742833976985,-1,55.972102553762745,55.49068825516082,1.4008223057537152,1.4023654676941977,60.46469925892505,55.40847254439528,1619034.5664667985,16463465.820075763,-9.664252193954708,-9.656987048653706
556,003072,10.354944208218852,0.29174512938373276,712018453.0134879,7167.055940831202,4949.070083562863,-1,55.21493117243766,49.62248811278446,1.4096867073606274,1.4082821949969324,59.51929972094944,52.347588621118184,1805173.7498318623,17778633.071867824,-9.595972239623364,-9.602592882419282
556,002976,10.031893309850027,0.32621427157575084,674173072.9760876,10866.449200115114,10053.578877438282,-1,56.1508758669215,55.450693521394726,1.4155855404858704,1.3898317489119036,60.901279737961616,63.98938534075984,1952921.7585626205,14760952.708302122,-9.538086558298897,-9.659657013625676
556,002880,9.708842411478699,0.3623408968440323,637999047.8534936,10619.867509379172,9813.185772240195,-1,53.988517512593205,53.14198114094305,1.389344819730495,1.3518516686959081,57.99685380227205,59.506011816026536,1489865.7816856273,9906236.63466893,-9.631672884921413,-9.808911332627499
556,002784,9.385791513104376,0.4002735466502729,609056043.2472234,6849.852261340601,4669.69450549811,-1,54.43691507875675,51.852587721627856,1.3726412818867169,1.3600153605256475,58.96112831283794,58.72360122634561,1257441.4099770386,10957978.893155912,-9.685169498352879,-9.74492679718169
556,002688,9.062740614731414,0.44018033587951216,584550799.9883301,10133.290837974411,9332.541246893708,-1,51.89460440330038,51.06242577025573,1.3406191726177903,1.3408085040104791,56.155794684792845,52.688015210727414,896416.1946052146,8982696.692202229,-9.814312565329582,-9.813415523568619
556,002592,8.73968971635903,0.48225232315699174,562849362.906124,6613.01052288527,4475.050735778079,-1,51.91735841310793,47.15961468033984,1.4037741381556963,1.3961875469895644,55.93044548328282,50.61379789847776,1804219.3731752678,16607688.780477935,-9.494102837008596,-9.530082981053773
556,002496,8.416638817988328,0.5267076099640468,528799435.82851946,6487.558603379088,4383.573983504635,-1,52.055131812729556,51.189459359082356,1.351368630142199,1.3779780078226427,58.005663235537725,46.733802346745954,1035026.3124905544,13846934.870482821,-9.708339592543593,-9.581937333642655
556,002400,8.093587919615674,0.5737963612947616,502331258.7347784,6372.357706448143,4295.186255026076,-1,49.67722253282241,49.732871279535814,1.3188383252264726,1.332393548910233,53.785973979108505,44.99637743501077,734894.369322975,8525153.858227106,-9.834765284110507,-9.770287978296953
556,002304,7.770537021244813,0.6238070016398956,477731974.7824407,6243.029758245933,4194.539715915387,-1,51.06054776203332,50.65586291012476,1.3230418279860903,1.329665905779442,55.12554133682827,50.38189631233662,779814.8880988935,8385734.374648435,-9.787192787340032,-9.755643208116666
556,002208,7.447486122873994,0.6770739239349942,459621769.43132377,8968.340817972381,8194.009014045092,-1,50.71549441661886,48.20956873196785,1.349426130697408,1.3423360561774678,55.18899271790055,48.07898184594343,1052628.0638040493,9738046.387295607,-9.64012564590651,-9.673928751356716
556,002112,7.12443522450328,0.733987165667207,435078115.5345414,8731.406854022545,7964.714802219609,-1,49.65923143541134,46.47114185276956,1.3159560282128149,1.3379911618194125,53.61500466628407,45.50319807690228,739783.5525496497,9425653.080218792,-9.7694625672836,-9.664255787681268
556,002016,6.801384326132568,0.7950046705422386,412368870.6673143,5943.941225346179,3936.12244357147,-1,51.08405290524723,46.32968104700127,1.3708373828031295,1.3264854943651587,55.57099963864121,48.739471902993046,1373544.708501713,8429224.880017526,-9.477443073220345,-9.689498233007537
556,001920,6.478333427761144,0.8606679887458756,393243703.86956453,8245.09773609545,7495.688825494327,-1,49.0033986384843,46.53603161306638,1.325281333454436,1.3278553601239003,52.82203849529395,42.745619481104214,842890.5759045776,8671484.240972761,-9.668890579813043,-9.656568338795234
556,001824,6.155282529389533,0.9316226093323455,374507015.3728749,7997.10656749322,7257.782218133252,-1,49.826079531615456,44.351815246545144,1.340899702900203,1.3029897261329402,56.380779834925434,40.01340789470679,1015323.6891976222,6681770.398539556,-9.5668554383225,-9.748568409269298
556,001728,5.832231631023754,1.0086446208672157,354106518.7219878,7723.730469518178,6992.163781556807,-1,47.55241165266763,45.32760791214689,1.2426016787048273,1.3316014323279528,58.27716316191588,45.173156029900184,348167.03240985825,9311414.873648666,-10.007346275912832,-9.580118244492223
556,001632,5.509180732649267,1.0926761522074429,332813673.0882293,7475.602349131643,6757.503603194367,-1,51.041484507823,43.68816261769131,1.4053815481025542,1.3242813404242613,60.42921964919835,43.5895314403783,2145844.769654777,8742899.079376267,-9.190602858324603,-9.58054569495167
556,001536,5.1861298342815205,1.184873205184868,314678353.2964752,7210.778071708529,6503.760297962976,-1,47.44807991129556,44.49556822600118,1.3116010325493555,1.2752204924516053,54.73790916269884,41.07646830162972,772186.4806362159,5158702.087284831,-9.610144675081292,-9.785326420564143
556,001440,4.863078935907549,1.2866713120859903,298525827.38927037,6922.923849775945,6227.169513722623,-1,45.32912858752835,44.4727825716775,1.2203949078588197,1.3169204442126423,55.35118483123684,39.86374882691222,284860.1280255313,8319044.354190615,-10.020350245560914,-9.554908470891938
556,001344,4.540028037535407,1.3998773828578241,278284697.4710261,6635.5035502010505,5959.068375092994,-1,48.06586991299512,42.088755314540045,1.3712933439486787,1.2831794533078864,63.27005681481611,43.70606932125324,1555422.6242339874,5836850.976380844,-9.252640914028733,-9.678310720420082
556,001248,4.2169771391636415,1.526800963815451,258106827.8753561,6365.006284818774,5712.018247873009,-1,43.502179356376814,37.81581984198191,1.3357947939611663,1.3102567279126032,51.23197746066254,41.75737539516941,1072665.7734111226,8069497.370498378,-9.381335069995401,-9.504953008972807
556,001152,3.8939262407890958,1.6704464355757112,237995016.6359471,6103.261756033336,5474.841624003644,-1,45.200351252104845,36.584794685187006,1.3268372090724645,1.331840866625526,72.799864951616,44.050739430888626,995623.0490449177,10528523.861019433,-9.378472921352211,-9.354200377764469
556,001056,3.570875342422109,1.834802410183898,217832581.98734826,6011.1012525219085,5431.9779792132085,-1,38.7827747392135,29.05689556980386,1.31269027640987,1.3302132225637036,55.15477670898929,35.664531043488246,874031.6773472474,10634828.760330658,-9.396595666271557,-9.311392337854263
556,000960,3.2478244440524118,2.0252918362279355,195883803.3723309,5637.651882632996,5086.784483775362,-1,35.82313775729283,28.341473863143403,1.3711883231969582,1.3209226761737893,55.03833679525284,45.47807344182369,1744035.124550154,9918628.419596372,-9.050443300598086,-9.29554690725093
556,000864,2.924773545684514,2.24949924030615,177366788.6260896,3308.5478203689854,2538.0401301703864,-1,31.85675277699001,30.234327029927393,1.2481260981864728,1.3063199764156945,50.23675881698464,42.69302929624509,451628.4086429951,8695570.865536343,-9.594091050426501,-9.309574204058213
556,000768,2.6017226473276014,2.518400399992589,152960109.6628545,4748.88130031237,4234.32316431082,-1,29.68058863334805,19.436729546411293,1.4288943500355056,1.3519714276487913,52.912338108140474,28.89732933271415,3651547.533330418,15307211.528714435,-8.622101227933516,-8.999682102584124
556,000672,2.278671748954033,2.848559732224511,122413321.06193283,5009.073685312704,3570.095995267053,-1,22.405218179049903,22.881905089124505,1.2760640998236443,1.3622500184088207,58.786592676754616,31.745362130048694,699964.3154833516,18649681.371414702,-9.242752780426427,-8.81715726414867
556,000576,1.9556208505902015,3.266336509497888,73321861.7179861,4483.515537153625,3192.510782913633,-1,20.778530767777717,19.594591645719735,1.2903698995182542,1.1880119665070976,58.18894082092196,37.91561716328904,995689.7878175664,3058937.01079844,-8.86710943075906,-9.379662949470998
556,000480,1.6325699522177823,3.8166784197503847,59648992.58474097,3593.926203088867,3161.185879794334,-1,18.85642105209566,17.923422635388686,1.0919580969410008,1.133870327806201,51.61813155971301,41.25974196037473,108279.93627748793,1760416.926691031,-9.741055121726705,-9.529987577521805
556,000384,1.309519053845069,4.583801606444247,54835478.62290176,3116.2053548007307,2712.5800982169967,-1,17.251876788253437,19.27597574137779,1.0937117037638666,1.2111106531460991,54.04882074163985,49.092420112450085,113764.48960054241,4452408.255995729,-9.683054915777475,-9.090466659112224
556,000288,0.9864681554739935,5.748642482313663,46302962.089745104,2585.3384727634593,2235.9108382711133,-1,13.448746334614533,15.055344658080678,1.199969522834722,1.1863747267222293,43.88613621594113,22.138791098196286,417785.86468385294,3564593.029566252,-9.044655032535697,-9.113598821047974
556,000192,0.6634172571024421,7.795747394210038,40907289.401475355,2004.9471395037463,1711.6878224010484,-1,11.310322374957874,16.718526786670147,1.0442748864102023,0.9997654312430212,37.39142700618796,22.566631620274997,70828.35665703785,420441.8697262349,-9.761593537717514,-9.988094744484622
556,000096,0.3403663587305168,12.728289133858492,1082886.0628529305,1225.387825370131,1003.0211200884169,-1,11.726573992284818,11.780640767301966,1.0853364261744216,0.9182136249816866,16.93190541767801,12.43852971532424,762860.0872010068,863577.1842035996,-7.15213787099213,-8.09828160450811
