galaxyID,timestep,t,z,M_star,R_halflight_s,R_halflight_c,R_halfmass,sigma_allstars_global,sigma_allstars_los,sigma_youngstar_global,sigma_youngstar_los,sigma_allgas_global,sigma_allgas_los,sigma_coldgas_global,sigma_coldgas_los,alpha,SFR_10,SFR_100,sSFR_10,sSFR_100
468,004096,13.800820457528431,3.066110004810066e-12,2051046418.862888,2998.0878769348,1837.6020464255394,1.1444091796875,29.43166442323247,17.66447709821723,24.3759528053143,17.054519430510986,32.158594391309684,17.66447709821723,42.277376524462426,28.2510496053084,-0.2948004820220815,3255975.9049334633,31139030.5486137,-9.799294307006242,-9.818670401790257
468,004032,13.585453191953793,0.015091542063365026,2012304372.7671728,2931.2954253754933,1796.6830674551113,1.18255615234375,28.37341599793468,19.076884764600116,22.456553575053448,18.05864378527162,34.57780089904271,19.076884764600116,46.22423500992847,32.076576509682255,-0.2483244289063413,2224824.6002597166,30458008.890275735,-9.956397892974712,-9.819992161820387
468,003936,13.262402293571098,0.038368621161737164,1935047834.140387,2832.6217642793367,1736.5299587946538,1.18255615234375,28.750052121755473,18.694943081990466,23.692995923346224,18.983193804461752,40.63159086418004,18.694943081990466,59.77709677579586,40.720029232132134,-0.24768938659755307,5091367.421259792,44407988.82769096,-9.57985726593048,-9.639230600130315
468,003840,12.939351395187158,0.06245558190922332,1839316285.6545038,2735.6362767222954,1677.448282546062,1.220703125,27.95687522718172,17.76233228100598,23.099285669797702,16.76697156128248,37.89584906261064,17.76233228100598,56.2833283319079,37.639376429347024,-0.21829179173494526,3335696.408677783,43480951.88370841,-9.741469898814808,-9.626357373109219
468,003744,12.61630049681785,0.08740401176674858,1750896011.025249,2640.056794606435,1618.906199477025,1.25885009765625,27.33113287541726,19.589308464218515,24.21836490751325,20.509638752823285,32.43374456783071,19.589308464218515,45.03438031961508,29.72165676707112,-0.20970565262565186,2572679.2819307763,44395886.62381586,-9.832874704185237,-9.595917619648187
468,003648,12.293249598446812,0.11327055511930355,1670419355.0976243,2545.1216183357346,1561.0188496276833,1.2969970703125,27.117258506672865,18.79065723637686,24.435145305894842,16.681729519179555,29.503808075940416,18.79065723637686,44.55804412461254,30.862117965032073,-0.21010895943831426,3313583.803983195,31619231.0741481,-9.702527554682632,-9.722874209085697
468,003606,12.151914830406648,0.1248915775850367,1640707273.9922748,2504.1967752488335,1535.9878958696647,1.2969970703125,27.662861817114592,16.608336426481245,21.437734786312767,17.124603032611397,31.385712752057987,16.608336426481245,46.44301163492339,30.857456644155956,-0.20279654707613098,5064795.461848444,37776558.296002336,-9.51046919214347,-9.637808715343986
468,003552,11.970198700071155,0.14011755621604205,1592961636.4131258,2451.9460343530973,1503.9831878530663,1.2969970703125,26.154973410339654,14.510396662421584,17.775231023566224,15.616735406734401,30.29363560031904,14.510396662421584,40.45284049362861,27.991427010213958,-0.20551610563656225,3544961.143006215,29689142.519697055,-9.652593837572816,-9.729607662227458
468,003456,11.647147801692626,0.16801380287283818,1530070633.8468223,2360.1983881765846,1447.9515856110456,1.4495849609375,25.62113953917771,15.296573351313711,19.59766903672134,15.429866239550696,44.048346984281245,15.296573351313711,69.31264578039048,50.66923979093902,-0.17267246454388752,4019065.551275055,46761408.194879554,-9.58058639032912,-9.514823898722522
468,003360,11.324096903303657,0.19703539000425044,1419933084.4740126,2268.899437708712,1392.1801358654707,1.373291015625,26.948983446131386,20.479788571721755,27.071059882318913,19.957247183655927,35.50221901552863,20.479788571721755,49.79592661056423,34.22940228496389,-0.17535873982430394,9364964.056831636,50810978.72442276,-9.180761763505112,-9.446310317977298
468,003264,11.001046004940882,0.2272667263178406,1326680959.3493016,2179.4816583225575,1337.8656508764802,1.52587890625,25.40668317565517,18.67916862892718,21.819735858125917,15.780763315929448,34.158428928609155,18.67916862892718,48.09700757890141,31.956469553092933,-0.17784256968661205,3497198.468129901,45897371.34471874,-9.579046216664471,-9.460978683010866
468,003195,10.768853171744885,0.2497948822517782,1253441939.7192128,2116.668986498343,1299.3234348782598,1.56402587890625,24.98274962821563,17.240362487387294,21.64084618950484,17.94008508736882,34.36342560905341,17.240362487387294,50.46989592178095,33.986552729082234,-0.14827339104917592,3495262.4462337564,46725868.046777524,-9.554624431084681,-9.428546843741843
468,003168,10.677995106574823,0.2588017129222396,1222792006.6967757,2092.2349144903487,1284.2520946211164,1.48773193359375,26.5591759723147,18.472136538670014,24.529156816630465,18.349874890008035,31.95265396026538,18.472136538670014,43.82686369836176,29.19268049375794,-0.18884922631253756,7640033.87210175,50672208.12847138,-9.204257307086399,-9.382582761280855
468,003072,10.354944208208058,0.2917451293848587,1108185270.1369252,2006.0550199819745,1232.1078302225824,1.64031982421875,24.61188469979868,15.277981079166103,20.559471784859856,15.690734548569814,29.00995019591938,15.277981079166103,38.538647384886,25.613983789342143,-0.15499563113338405,4197478.5701185055,50571487.16610644,-9.421623885712112,-9.34070664806578
468,002976,10.031893309836548,0.3262142715772225,999184983.7856796,1922.148647977042,1180.8755190264587,1.64031982421875,24.78349514252018,16.227252795083494,19.907011380087134,17.264451904591244,28.20560090899842,16.227252795083494,36.02990234841465,24.711170541972585,-0.1359030094811362,4282766.021465212,48182223.21774173,-9.36792155021775,-9.316759063353734
468,002880,9.708842411466359,0.3623408968454461,902832871.6696444,1839.561824168215,1130.2458616596773,1.64031982421875,23.64717561821556,15.436662173502368,18.57546538731173,15.00556207157813,24.73548704185601,15.436662173502368,31.958573146057077,22.469995704467106,-0.1425736793401135,2356340.857642291,32466528.18257302,-9.583369249386477,-9.444171513422114
468,002784,9.385791513094505,0.400273546651462,828069618.2575496,1758.7397347414455,1080.2880178228077,1.64031982421875,23.705938976751224,17.740722479561747,22.669436058236364,17.8193919298987,27.57188533546606,17.740722479561747,37.3451321548002,25.082276792899222,-0.12899648211584128,4872644.200522427,34084770.7366599,-9.23030215029382,-9.385506473576351
468,002688,9.06274061472311,0.4401803358805654,749251278.424435,1679.0308495668228,1031.3506702236796,1.678466796875,23.696821904270305,15.33015631364971,17.213451252976096,13.925464560763338,26.58184254229157,15.33015631364971,36.25670901922248,24.97793244943548,-0.13606452711358952,2154278.660505719,40259592.273070686,-9.541325613135356,-9.269758120361542
468,002592,8.739689716354592,0.482252323157586,672743884.6748768,1600.525370738458,983.2130149667464,1.678466796875,24.15805551303685,14.216321289147507,18.3059405418502,15.470710225623424,24.06652171378531,14.216321289147507,33.694011381467824,22.73339806514,-0.13338001391508805,1608010.598517758,26850765.886277154,-9.621560851773998,-9.398893080715494
468,002554,8.611815402418381,0.4995510828004175,645125548.4119805,1569.6534074162603,964.379320765783,1.6021728515625,23.965846702385548,16.225141430143093,20.66445369209739,14.931285454062479,23.454724053610484,16.225141430143093,29.91503133818692,21.115323668648678,-0.14467229778060264,2849349.203087495,19980785.029947598,-9.354898563637155,-9.50903169393844
468,002496,8.416638817990007,0.5267076099638085,609972089.2993098,1522.9251947226276,936.0397692769375,1.6021728515625,24.40698461674819,16.494818703474277,16.506501481824053,14.749967066521148,24.79875341332617,16.494818703474277,35.32946411608304,25.04881009587312,-0.16477419351352354,2665184.853765797,25466516.575978328,-9.359582626795426,-9.379340419020142
468,002400,8.093587919622282,0.5737963612937709,553774274.6418709,1446.3490499521504,889.5215637809829,1.678466796875,23.536893669571654,14.162959008516452,15.332479084362545,12.660356849863629,23.35642872427477,14.162959008516452,33.20563593484662,22.73675694620007,-0.13370615694124294,1389330.640254791,23169268.64040299,-9.600527163168888,-9.378420451809546
468,002304,7.770537021252476,0.6238070016386732,500848755.55163705,1369.7896855535437,843.4051759573434,1.64031982421875,23.378138348042114,14.254580542151437,17.565866050356693,13.626901855721584,22.179402070279803,14.254580542151437,30.862596608146625,21.06177134286365,-0.16164257373900212,1823265.1373673822,15308109.066810107,-9.438856771118509,-9.514785051215725
468,002208,7.447486122885952,0.6770739239329578,453828505.9901924,1293.9670084719382,798.1941165733804,1.52587890625,25.19398075875166,14.743997559402995,18.524940994151585,14.91485830356724,24.026356647350553,14.743997559402995,33.33362401347837,24.246784580380307,-0.13817823645939953,1612960.387764121,16564682.831618404,-9.449268069614702,-9.437708646674045
468,002112,7.124435224523031,0.733987165663607,415543988.6168069,1219.0336793256647,752.6968787497931,1.6021728515625,23.144964620197722,13.528192131971764,16.79122416691495,14.562515255574997,22.91627904176668,13.528192131971764,33.15396765267823,23.67239389049125,-0.14502250950950077,1374835.6955534515,12668966.387655143,-9.480366204639887,-9.515875820149631
468,002087,7.0403073864053445,0.749461603566977,407505854.78089535,1199.4937752938356,740.6619986779563,1.7547607421875,22.718566833441795,13.244524935530801,15.440141584523086,14.200475372200273,25.036045349597256,13.244524935530801,40.9126867817941,27.68239417309883,-0.1333367049398066,1285413.2349188386,17328610.517746314,-9.50109108558725,-9.371370112266154
468,002016,6.801384326157949,0.79500467053727,382753663.4140273,1145.9033528458094,707.8899443927587,1.7547607421875,23.85298784552749,14.332238385923468,19.35387150568223,15.228289711543717,27.8152296004311,14.332238385923468,54.96981184609127,33.30594936592438,-0.14558167453226736,1793930.98332612,18137946.7352194,-9.329113625395665,-9.324331233919054
468,001920,6.47833342779302,0.8606679887391468,346758473.6380844,1074.3788853588362,663.1355782307835,1.8310546875,20.994443898172698,17.061991228579124,21.014964815491837,15.793634627722492,21.710385598913412,17.061991228579124,27.941523495767118,20.79628452751353,-0.17072602254720287,678373.4635097032,4821311.440886032,-9.708558231677555,-9.856861896219124
468,001824,6.155282529425963,0.9316226093240182,319477398.9477937,999.9044720216491,620.447867790385,1.2969970703125,29.08757689375498,17.531528134244187,22.167673901914252,16.637592222690543,32.06439648735265,17.531528134244187,31.473973971922717,22.91927771222509,-0.17702978015899523,1057771.9521584355,7561434.354321904,-9.480048092830268,-9.625835953809357
468,001739,5.869247879829316,0.9994830592378214,305772561.194228,932.5699306450089,582.2445455811435,1.79290771484375,22.688721807060578,16.10509427364519,21.808436197938438,15.210968337839148,25.237889541110036,16.10509427364519,44.03809578469958,29.073203880294937,-0.16820325420368587,726413.724589163,10375798.229621135,-9.624214469988248,-9.46937699321772
468,001728,5.832231631057513,1.0086446208588191,303338840.4993202,924.3364493788843,577.4339574589962,1.8310546875,22.588604618152566,11.694190872959126,14.626112596531204,13.306297066221209,23.393800962037265,11.694190872959126,33.96101147098912,23.91435068767806,-0.18011219953125984,2547163.591815803,9169166.557643576,-9.075871183897588,-9.519598160612105
468,001632,5.5091807326905,1.0926761521962247,285974985.61363405,852.1665208068262,533.9019478949537,2.0599365234375,21.06381566932206,11.760433434416802,15.319185468705347,11.484707613521381,18.79721199261243,11.760433434416802,27.203918545481866,20.14255251495505,-0.1773017871034843,265751.1755110565,1767473.539442313,-10.031852852580538,-10.208975126051742
468,001536,5.18612983431861,1.1848732051737636,272068270.5491213,783.2068135390197,492.2319711450144,2.25067138671875,21.287451094015072,13.066542255893747,15.77780979568044,12.920731888565783,19.028535225334235,13.066542255893747,37.9203361247964,23.669931923191825,-0.18378180493112475,467812.6738046716,9315678.745333651,-9.764605912579997,-9.46546339264175
468,001474,4.977492795787827,1.2494155592349352,259320914.54253218,739.5753508551013,465.50166932585535,2.25067138671875,22.253824069061142,12.021534110360566,19.048350051649116,11.622268721879767,18.64604031336362,12.021534110360566,33.87417243539689,22.247027122318656,-0.21135060526266877,594153.247232857,6530264.8719602125,-9.639939069531025,-9.598906747642053
468,001440,4.8630789359483275,1.2866713120724638,254017342.93319425,716.2581897780589,451.0358331657052,2.40325927734375,21.00923242529523,12.526001650796175,16.949503637744947,13.176095839972565,19.829853597094857,12.526001650796175,37.0815059299158,24.58775185140182,-0.1994742200290093,690682.2313029347,7520216.543362311,-9.56558508555495,-9.528633022707673
468,001344,4.540028037573309,1.3998773828437896,238473297.86198395,652.2888104805866,411.25333044255905,2.2125244140625,20.87061170612169,14.148204708713081,18.38546023867163,14.303249205740492,16.38109155526904,14.148204708713081,29.31846382019208,19.431338778129707,-0.2161791931636612,356049.44016675494,2305106.116436034,-9.825929450385408,-10.014748834532783
468,001268,4.284279409691731,1.4990917302436866,229376136.8730287,601.687109581575,380.1987312452717,2.25067138671875,20.228429985929488,10.621215924813475,17.208158078973085,12.021913650878988,17.179400681935103,10.621215924813475,35.303541739697785,23.273094101605786,-0.20643584976211582,600634.1930060511,5340437.3897827715,-9.581938181968432,-9.632971406275026
468,001248,4.216977139196944,1.526800963801564,227499693.5223449,588.6533679676004,372.2789054327375,2.13623046875,21.42487865843836,11.252819769851817,14.995925332489675,11.999062566229643,17.91882352339855,11.252819769851817,37.55510110921646,24.48435273641413,-0.22362587208931853,1131178.7633928175,6712377.47943471,-9.303449572791331,-9.530104444298363
468,001152,3.8939262408237485,1.670446435559276,213915622.58289644,527.5316034731693,334.15316861365045,2.25067138671875,20.58691996737779,13.189426984238438,17.165574936598055,13.332847893042114,18.548075650798925,13.189426984238438,33.813120674387775,21.825096623074003,-0.22780503396852803,826441.6549422088,4656648.016176286,-9.413030304210823,-9.662169090924314
468,001104,3.7324007916367163,1.7497370719996648,210653823.40336034,497.8635734582656,315.20938837446164,2.40325927734375,20.848087431739057,10.627972079463266,17.285835368441617,11.23815417843602,22.484953505331696,10.627972079463266,53.046269760008975,31.495986850167554,-0.23462165573390975,459139.64611905423,15215464.266668249,-9.661624550898225,-9.141284137610258
468,001056,3.570875342450767,1.8348024101682523,197139789.64459902,468.22364010710385,296.46302379393546,2.02178955078125,22.155167657553296,10.755622056011113,14.894440288484907,10.893587527037443,22.63422615008798,10.755622056011113,54.482861343416545,32.11716601206856,-0.20157199336437706,620141.2921428556,11657879.773247248,-9.502283638978255,-9.228154716647175
468,000972,3.2882058063806756,1.9998184850031129,169747862.9858304,415.96840182905595,263.2229634437509,1.56402587890625,21.179934695695437,9.690464390717144,14.797270454116006,9.677516759759069,21.669685839140957,9.690464390717144,38.93139029165533,27.30649884291756,-0.25913749167570055,671866.7494342887,6369487.462180926,-9.402521167039467,-9.425699828428511
468,000960,3.24782444408363,2.0252918362080425,168415291.40836465,408.66269713514487,258.77160608154173,1.544952392578125,21.468029680331863,14.158611664454892,23.223878288258657,14.265677299958043,22.316339523028546,14.158611664454892,45.41963127535401,30.718232441133228,-0.3066023151821926,689857.1758867614,7191458.595976605,-9.387622334907848,-9.36956453669357
468,000864,2.924773545710842,2.2494992402862364,149608454.92689675,353.3032545806567,224.9834124303605,1.697540283203125,22.56919946355607,10.927688119849854,22.167974919269888,9.757835648596402,26.1452864579707,10.927688119849854,66.08366348114073,43.28244516837327,-0.2401161387215526,750045.0793919355,21161079.21929977,-9.299868771559977,-8.8494183247748
468,000775,2.625278442013311,2.496966171017908,115159714.24052958,306.78141540651563,197.9110403273555,1.7547607421875,21.665260646491276,8.290923740060638,11.575469097617445,7.780397019244255,21.51696749258966,8.290923740060638,40.11568703181985,25.99546282623683,-0.2712486924889146,1055703.652499027,8222373.718341485,-9.03775855442149,-9.1463033663587
468,000768,2.6017226473402593,2.5184003999809876,114214305.32316585,303.0271927930027,195.84249811821616,1.8310546875,21.737099977240835,8.32204592622581,12.937439401614373,8.106451376720704,21.84148861446917,8.32204592622581,45.226129451034424,28.5198795144675,-0.30638698210242477,435112.6010332668,7945327.344700581,-9.419118841814784,-9.157608707937474
468,000672,2.2786717489666186,2.8485597322101586,94693596.151634,253.24097253558313,165.35760440534239,1.373291015625,19.653990803386858,11.016909895568343,16.637384337164903,10.953503304333331,24.89748970036553,11.016909895568343,70.3478136881647,47.198064873077854,-0.2805527756889978,2320036.0655861055,20749368.65074394,-8.61082587377441,-8.659315723143608
468,000635,2.154162548553212,2.9972897266686505,72459716.41359438,235.04987193065097,154.38907373468098,1.71661376953125,19.35002095481916,12.72240474832275,17.257011294976465,15.827903864342883,22.059036259129684,12.72240474832275,52.16794386645497,32.91393467377539,-0.34728607314417126,2973609.977114723,14405323.29762536,-8.386812624755146,-8.701573620433308
468,000576,1.9556208505943187,3.2663365094918433,50281215.60523677,212.06309891167166,138.31785427174458,1.544952392578125,17.087698224509115,9.640919390140422,13.912292655853163,9.152448818622268,19.339866954419538,9.640919390140422,50.28208696427279,32.4030872797978,-0.06217535077036635,1097858.659178365,9482625.048271408,-8.66085933704779,-8.724477190206061
468,000480,1.6325699522196038,3.8166784197467805,35302557.87892682,159.31159834789784,104.87563586144537,2.8228759765625,25.045775262009453,9.561440260606908,14.811914315176475,9.888429739689126,16.384219236596916,9.561440260606908,59.20360803406851,35.90529561925989,-0.42848361217027386,477774.28757477226,4917413.623020731,-8.868583400154948,-8.85606943368402
468,000454,1.5450770005761425,3.997992007648528,31359548.486112468,144.8131226849396,94.90642923374548,3.2806396484375,24.26929065722956,14.149447530658225,25.464392103541627,14.319753238678135,14.916508136215114,14.149447530658225,41.82702239008421,26.346307021026107,-0.4909878283772757,230955.7824842787,2445567.910693497,-9.132840960864778,-9.107990073899641
468,000384,1.309519053846055,4.583801606441436,21932742.794008788,112.64022173952401,71.99066122872827,7.476806640625,16.499060613637333,7.401927905176183,14.71437733018198,7.79201579353212,14.1072741633993,7.401927905176183,44.55132089736043,28.25146087459167,-0.08180280280585948,50492.26529060288,2215675.5887500686,-9.63786809029985,-8.995586772793132
468,000345,1.1782796263825515,4.99270989380932,18708423.310527027,95.43156191724177,58.62150173062272,8.802413940429688,12.12367085983448,7.003148958483374,8.18186116841519,7.029514965599391,13.931652449722383,7.003148958483374,41.844367264989415,25.410577794563277,-0.4363959191834571,329627.95126406377,2463363.7898804164,-8.754013156817818,-8.880508634773363
468,000288,0.9864681554748929,5.748642482309552,13517043.338153945,75.35624067182866,51.074096570391475,13.5040283203125,15.241347673415742,7.986174621627784,13.637513606272602,7.209040872180244,12.897755048263432,7.986174621627784,34.61227483620719,21.551318627207646,-0.15070867218715978,263501.77147696516,2102936.1044932874,-8.710098166979453,-8.808055628920034
468,000273,0.9359914526043962,5.989705125392862,12010876.548267823,69.80426818096657,47.04107742072362,14.6484375,12.080471723470685,9.021645819452477,18.239969288937747,8.940149384385073,12.455860328006596,9.021645819452477,17.83433597615064,12.069961573068131,-0.6491878671617503,117273.66514382201,718655.7807661232,-9.01037420483952,-9.223053779840146
468,000223,0.7677357763688789,6.97876336992613,11376417.71526058,52.06152424507462,35.09079737500114,9.1552734375,11.875565091978519,4.894932033117852,9.097848151736518,4.549482315481297,12.516576790687674,4.894932033117852,22.26818299969466,14.652168238930422,-0.48298880666890703,68124.12243866452,656022.2032208956,-9.22270460912284,-9.239086991528747
468,000192,0.6634172571030228,7.795747394204905,11079395.180112816,42.94151545204926,30.533104969782272,9.307861328125,10.198917909818594,10.319001866797137,15.9651920731433,10.020032251492854,12.975476225913349,10.319001866797137,48.20592539595897,30.186894063604875,-0.5890038385103687,84088.11364257571,1686716.877578578,-9.119781443056297,-8.817473862495016
468,000186,0.643226575954747,7.979058113955377,11055079.43269309,41.21824232988699,29.713862723826402,9.11712646484375,9.078974572273845,4.285329612354438,7.576564442551356,4.206435039497625,12.715655275857266,4.285329612354438,47.34037832185483,28.79857397133079,-0.7111362773806309,428681.64565628686,1832522.5593376136,-8.411426978161339,-8.780512537663736
468,000136,0.47497089971895334,9.992503132659749,9120802.389308246,27.57757282122175,23.012293568639667,8.683204650878906,8.243884625953262,9.691601511790527,18.508367265008527,9.755177771565354,14.82026249937733,9.691601511790527,61.983202586971146,40.93077384459551,-0.8449209855680545,27596.37250068543,7175633.315140043,-9.519181047936351,-8.104172808883755
468,000105,0.3706523804528851,11.969658559995333,2004858.5844079354,14.033566409536837,7.745407872647632,2.6416778564453125,8.838180913764349,nan,nan,nan,11.311127576530279,nan,46.49567542255182,32.303911365420575,-1.0510838470480934,0,0,-inf,-inf
468,000096,0.34036635873045024,12.728289133860287,2031053.7670359788,13.36133277366929,8.703818625574804,2.523064613342285,9.15595403202207,nan,nan,nan,11.172812983155284,nan,77.73480975833009,49.072631585081155,-0.1221154227631306,0,791.403232953524,-inf,-11.409323600344473
468,000069,0.24950829356324852,15.886650062452967,2180170.3534363443,12.028174729316465,10.697958212761197,2.0635128021240234,10.543391781351579,nan,nan,nan,11.002112036170095,nan,10.487846409203604,9.313619596587554,-0.5429257180936111,0,2077180.9422350277,-inf,-8.021016100323495
