galaxyID,timestep,t,z,M_star,R_halflight_s,R_halflight_c,R_halfmass,sigma_star,sigma_youngstar,log_sigma_pred_10,log_sigma_pred_100,sigma_star_m,sigma_youngstar_m,SFR_10,SFR_100,sSFR_10,sSFR_100
568,4032,13.58545319185310,0.015091542070498600,1866663654.91654,8.926666029285,6.301498898591,8.927001953,53.09539934936790,54.17131426379560,1.5331175069540700,1.5056316659468700,77.32568960009200,66.31381631928750,5324648.751922200,39798813.689352700,-9.54477510738052,-9.671195944627020
568,3936,13.262402293483500,0.038368621168158000,1761908680.640720,8.81472415005,6.2234114967929,8.814697266,53.92216822221660,51.89440363642320,1.5110846818468000,1.480984599385640,78.52709957830420,70.12443313096970,4273587.872268640,31056040.469212900,-9.615190757043400,-9.753837311291960
568,3840,12.939351395107800,0.062455581915246000,1681146056.630450,8.708603607701,6.146869393544,8.70849609,51.70159240670750,47.65937387096890,1.467550874710400,1.4920640648443200,74.79460086154810,70.95913508712350,2721714.326166310,35309253.15129070,-9.790762906957200,-9.67771691461878
568,3744,12.616300496749200,0.08740401177214530,1608721593.397300,8.602586666977,6.07496539254,8.602294922,50.45132776121630,46.90698125921600,1.528412796561530,1.5215683702691900,75.12829621238690,61.55522351360640,5250191.410009730,48817551.876746,-9.486305754181720,-9.517904894819290
568,3648,12.293249598378700,0.11327055512486100,1507363027.8799600,8.498848875929,6.005432870746,8.4991455078,51.76872559502310,48.90527611199750,1.5116085116018800,1.472465059318870,76.38534916902260,69.29560109276870,4461169.3009237000,29405921.39198490,-9.528769153843720,-9.70978306688949
568,3552,11.970198700013200,0.14011755622095000,1424143762.5915600,8.405404580873,5.948164544974,8.4051513672,51.5763566402435,47.76609433501010,1.4654876765573700,1.5026740669753400,75.95374501539270,64.85626498395660,2766550.69381409,41129160.68630420,-9.711615199539130,-9.539403985053900
568,3456,11.647147801608700,0.16801380288022600,1335776145.3915500,8.317082960043,5.898729476165,8.316650391,52.75238708001480,49.42564280985710,1.519538120682140,1.4895234647759700,75.16238421607920,71.20951916151640,5003434.807217410,36311444.52911150,-9.426465437991860,-9.56569015725686
568,3360,11.324096903239800,0.19703539001010400,1255324034.9781500,8.218091523118,5.844082091294,8.2177734,52.126819575652800,47.82162787648170,1.490949547989290,1.4594083234958300,74.14205300713560,66.7785974362417,3744254.719978780,26719513.04896890,-9.525390458163840,-9.671927305039560
568,3264,11.00104600488080,0.2272667263235830,1184425537.8556200,8.12165776504,5.780942799912,8.121337891,50.502134137303900,45.08385915376350,1.4398699137293100,1.4434007626213400,71.31193859799500,65.34336863699360,2198252.0718005600,22829988.008096700,-9.731430271666360,-9.71500207944044
568,3168,10.677995106511400,0.25880171292856400,1121104026.017230,8.015129433620,5.705867996410,8.01483154297,51.883905778586600,47.55391099370390,1.434808314837190,1.4688088982899700,73.35056653788920,70.7964920615955,2109943.2907151700,30387078.336162400,-9.725375129323000,-9.566956966734070
568,3072,10.354944208149700,0.29174512939093800,1047931193.9765700,7.903071062128,5.627276576395,7.90283203,51.869987555895700,44.980498544467900,1.4733003155334000,1.4410844778547000,72.53537545395260,64.83831553254290,3244101.669577190,22947383.08674480,-9.509238311814790,-9.659599602406240
568,2976,10.031893309782300,0.3262142715831490,987342911.0069290,10.791358071254,9.818805216024,10.791016,51.86794297101890,46.75867202202020,1.4435137010801500,1.4073875859793200,69.7551196100132,69.68892799294870,2390913.0002739500,16206720.7251794,-9.615904238895280,-9.784772863933210
568,2880,9.708842411416000,0.3623408968512150,931450442.3343620,10.521794178441,9.558700716378,10.521240234,52.5757022825181,46.5112119399469,1.4020088971927700,1.4200514907154900,69.7793974344601,66.52481162971410,1551357.2534663500,18844142.440788400,-9.778447932680510,-9.693983374918810
568,2784,9.385791513051340,0.40027354665665800,884067922.6256180,10.241629825213,9.28855219958,10.2410888672,53.3911058857671,45.35103319046660,1.499215376697010,1.4582102087366200,70.27633984438740,70.22971392029160,4487260.08519113,28824558.01979610,-9.294504390667400,-9.486722976205480
568,2688,9.062740614685350,0.44018033588535200,830414159.3932520,7.418170787840,5.280494323348,7.418212891,52.995187605231700,45.478329810080700,1.4135690117290300,1.3836970556232600,67.41089681247200,65.58636951982160,1808837.8912211400,13096179.000517100,-9.661895098765700,-9.80215014327762
568,2592,8.739689716317360,0.48225232316256700,790079492.1897890,7.28546937478,5.190761876139,7.28516,52.03971698435550,45.31981318238890,1.3555176073213700,1.403061266974630,65.78523901426720,67.98669186900750,977356.2262410800,16351823.22608320,-9.907617905138160,-9.684104605644250
568,2496,8.416638817965210,0.5267076099673190,751737837.4946020,7.146123219601,5.100534045196,7.14630126953,53.78195635069970,44.9094311779047,1.4436140655395400,1.4213527821459100,66.74572065191360,76.43824348099290,2570545.373930760,20194631.605291800,-9.466041136087560,-9.570830475211530
568,2400,8.093587919596370,0.5737963612976610,713124859.9618330,7.016448003426,5.01646979017,7.0166016,53.12934363283050,48.55966828172070,1.3493211129115300,1.326873056589740,63.93730155959480,65.15506939365830,937126.8210398160,7344903.936413100,-9.881367208695810,-9.987179456428540
568,2304,7.770537021226090,0.6238070016428840,680005472.0473590,6.86298545338,4.912946286314,6.86309814453,54.54127098657820,47.666449418470900,1.3346312177064700,1.390970620813570,65.05449337840050,66.24832640315290,808383.2577156440,14911028.653333400,-9.924895097176360,-9.659004802757720
568,2208,7.447486122862080,0.6770739239370240,645569512.4451730,8.712689890574,7.83212982550,8.7127685547,55.353594532170900,50.75862179857440,1.4596419040624300,1.3866718584956200,64.16602342241320,73.65955253766440,3191495.439458420,14426263.135165200,-9.305948784107950,-9.650789162820320
568,2112,7.124435224494190,0.7339871656688640,608462426.8071130,8.464898483090,7.599192924002,8.4649658203,55.34389638043720,47.3282887651552,1.3973065452432100,1.3847827714135400,63.22858958092470,69.96823548457180,1645663.72451904,14357067.919205400,-9.567892669193450,-9.627168010343250
568,2016,6.801384326130440,0.7950046705426540,575375650.3363040,6.6040645616020,4.742107792090,6.60400391,55.89135743863290,51.90585535358020,1.3703093890050600,1.3819391244973300,62.33458373709960,69.11108883721230,1244557.6397784300,14129886.541754200,-9.664936463683930,-9.609812804153560
568,1920,6.478333427764870,0.8606679887450890,544826624.9916180,7.945301108228,7.110144393972,7.945556641,55.6989804256999,51.810893054353100,1.381280733292760,1.361403106054710,61.27023124642800,68.70647236633000,1423879.7601427400,11458349.219652400,-9.58278500609742,-9.677136268605680
568,1824,6.155282529396710,0.9316226093307050,519185854.5236350,7.67632001782,6.862442767727,7.6763916016,55.52953150953900,51.84137711416580,1.3262749021330300,1.3739560657897200,60.40814632413430,62.82412910891460,790369.5195161420,13317957.023244000,-9.817492667984810,-9.590885242284740
568,1728,5.832231631028270,1.0086446208660900,487367989.5424970,7.393863583890,6.5970177609621,7.393798828,56.433875105896100,48.771014198224500,1.3993178628707000,1.3253121585407500,60.835462603484100,71.01842715111850,1789742.600495280,7952338.459802170,-9.435066425661630,-9.787362145402020
568,1632,5.5091807326635100,1.092676152203570,463547723.6794690,7.131738104345,6.351660579262,7.13165283203,55.847099751218100,50.42621323788080,1.354434930276830,1.3816417506093500,60.07874971466720,66.65653615584990,1109506.2149573200,14955949.423496600,-9.620964713451380,-9.491280464917650
568,1536,5.186129834297810,1.18487320517999,433231491.6888210,6.857808048321,6.093097940160,6.85791016,53.67409523075730,37.835564020957600,1.4133829308804100,1.371795999859790,58.085493603659500,42.394994959925800,2161828.480221620,13684921.165816700,-9.30189878406021,-9.500477718128190
568,1440,4.863078935928230,1.2866713120791300,402616274.25052400,6.570273669989,5.824700124793,6.57012939453,53.44889110863980,46.635395305142900,1.384936102371960,1.346451065810250,58.46013983151710,62.955044507760100,1615531.7683713600,10572936.584127100,-9.39657582307708,-9.580695698289460
568,1344,4.5400280375581900,1.3998773828493900,372232709.4673490,6.280348604176,5.562476265004,6.28021240234,54.13632950756000,47.406137823316500,1.3874502290187700,1.3509893027598900,59.35464199566650,53.882814995104700,1700323.064649800,11369365.974603800,-9.340283087532260,-9.515078287090850
568,1248,4.21697713918558,1.5268009638063000,337962335.4090630,6.004929384519,5.315711415798,6.00494384766,55.5162044060376,45.952247700403900,1.414386093737080,1.3752428737793600,62.28109630330730,50.96389165238100,2359296.681581170,15298598.645668400,-9.156085745684530,-9.344216651351180
568,1152,3.8939262408169600,1.6704464355624900,300439144.94970500,5.732078295644,5.071862883370,5.73211669922,53.13725091988340,47.30711736431300,1.3624964102930000,1.323327438916870,61.18458750545410,58.72470898544080,1377147.5348282400,8915409.43448665,-9.338776048270580,-9.52761522464094
568,1056,3.5708753424440100,1.8348024101719400,273432628.0038960,5.445479221790,4.8201238357366,5.445556641,50.2710444828036,35.22655361553270,1.363722995814680,1.343357329128860,57.99029045632170,57.55551537381010,1437758.3437162100,11461871.466132900,-9.279164439944150,-9.377594802600270
568,960,3.24782444407132,2.0252918362158900,240945127.83344200,5.110855688524,4.522463306065,5.11077880859,48.43974198401330,31.792634198203800,1.4765138517817200,1.4068944920932900,58.682473098243400,42.397195952815600,5275349.619426450,24246045.218383000,-8.659666901399430,-8.997277238052580
568,864,2.9247735457087900,2.2494992402877900,198588148.094293,3.2725605437500,2.536451526410,3.272705078,45.10165397191840,35.70081346697790,1.390018915388740,1.3476921392404600,60.00143367654210,80.40816830572350,2144423.7761198200,13335022.031334500,-8.966642712093360,-9.172959588335050
568,768,2.601722647342700,2.5184003999787500,167477912.09870900,4.424078178997,3.8954386287273,4.4240570068359,43.122256122406700,33.84262367526130,1.3419107255141200,1.2928121178101800,53.97008184468100,62.48893034278650,1323821.9356750300,7610472.057168190,-9.102127964968990,-9.342545942294640
568,672,2.278671748969070,2.8485597322073700,142542527.32026200,3.9962173463710,2.728739306880,3.99627685547,45.180212628357400,39.886420810237600,1.3619169209322000,1.2753859593032700,53.459677551240700,45.859878114701300,1756805.88565435,6594395.587022350,-8.909220676949440,-9.33476945849071
568,576,1.9556208505950100,3.2663365094908300,127058051.98658400,3.5727286136076,2.3903543335242,3.57269287109,40.84833002381730,28.504111032227300,1.3555722886041000,1.2547303275585600,50.390341573474900,35.39889742943100,1704958.6321644500,5423077.321073310,-8.872288346524920,-9.369756396029020
568,480,1.6325699522213300,3.8166784197433500,111271036.63143300,3.392601680405,2.9614190713068,3.39263916016,30.33184927344200,31.202103504557200,1.262253178380690,1.3306520133704300,38.907004674141400,45.138466132876200,618327.8566034600,13485064.67093260,-9.255163321511680,-8.91652910051385
568,384,1.3095190538466900,4.583801606439620,93507569.48944510,2.9549971262011,2.567968820256,2.95501708984,31.163913822804000,30.8081605825415,1.2554680239850700,1.235561431584060,41.44184561724590,39.41894275539420,608628.2841659370,4845409.11827493,-9.186494637655160,-9.285516316428980
568,288,0.986468155474984,5.748642482309130,61663194.32763770,2.476163090419,2.142612617417,2.47802734,21.224253614660600,30.22995189657660,1.1276401040539900,1.3215457004638500,38.72933078255670,34.897352791803900,161868.68317915300,15302670.673280100,-9.580863184959820,-8.60525878669587
568,192,0.6634172571036110,7.7957473941997000,31414852.088091600,1.961087983307,1.693470377520,1.9610977172852,14.878904248462500,23.504353285271400,1.1290579806207100,1.0966272840094300,34.52531338322010,29.098996770554000,212162.45580970400,1446810.83081591,-9.170466485476930,-9.336723268022010
568,96,0.3403663587305020,12.728289133858900,571273.464907287,1.2785072657660,1.105558048799,1.2785053253174,13.207628201905100,7.679037197972810,0.7492962110507580,0.8194517176520630,22.73659424079920,1.6678691487685100,13918.215453919400,353824.2723125330,-8.613260496888,-8.208056429818730