galaxyID,timestep,t,z,M_star,R_halflight_s,R_halflight_c,R_halfmass,sigma_allstars_global,sigma_allstars_los,sigma_youngstar_global,sigma_youngstar_los,sigma_allgas_global,sigma_allgas_los,sigma_coldgas_global,sigma_coldgas_los,alpha,SFR_10,SFR_100,sSFR_10,sSFR_100
618,004096,13.800820457390632,1.2616142609562016e-11,439808399.09476745,5825.783598770027,3358.8871241064967,1.1444091796875,21.427840959273297,11.445796479695181,19.149803410442427,11.285738180130764,20.777933866950566,11.445796479695181,27.211780472162665,18.647131041247825,-0.18580973504300705,702708.707778692,6260607.704130549,-9.796488183666701,-9.846647027582527
618,004032,13.58545319163436,0.015091542085997271,431937810.8665449,5693.258247920686,3282.2476256102445,1.1444091796875,20.780907135428066,12.711367370574415,22.674831664057724,12.787690945663549,21.719377219184672,12.711367370574415,31.966240190666085,21.510819225043612,-0.18752074849242367,404393.0758279801,4325373.408627584,-10.028617512048443,-9.999397616900119
618,003936,13.262402292999626,0.03836862120361559,418235213.2683945,5496.766066354735,3168.3824211007322,1.1444091796875,21.53194220040298,9.816005271381295,20.539466835353632,9.873957117720028,23.37982028787633,9.816005271381295,36.86821678363726,25.455367591375143,-0.20735928204832627,395418.72378413146,5537028.977642203,-10.024363365312427,-9.878143799031063
618,003840,12.93935139435832,0.06245558197210458,401227984.51180774,5303.204204056249,3055.660664330133,1.10626220703125,21.438545666131247,9.770591017178191,20.41223828553905,9.94503011741676,22.739728489885287,9.770591017178191,34.264592208633125,23.17693837540478,-0.20329906841230985,1205932.6508816793,6527668.338133876,-9.522068162276664,-9.788633135810827
618,003744,12.616300495719596,0.08740401185309091,386776195.02994275,5112.857317932374,2945.14219407531,1.068115234375,21.247848819521348,10.610221489396867,22.687473938002597,10.638945451492612,22.721431361363095,10.610221489396867,31.98465105075066,22.369793170689345,-0.2106362292294616,1101808.719456926,6500710.98580857,-9.545353531692585,-9.774498878416951
618,003648,12.293249597073334,0.1132705552313145,369907317.76330507,4925.606559327927,2836.289514897665,1.10626220703125,21.893625597226773,9.763413822997098,21.839957730566912,10.135527966263709,21.482248821745593,9.763413822997098,31.667658216620225,21.30691229194843,-0.18775258633659658,618676.1993999701,5649387.550668152,-9.776629513971507,-9.81609155434933
618,003552,11.97019869843417,0.14011755635468043,357910667.42094964,4741.564965005205,2729.6536503007183,1.068115234375,21.426730651329883,9.659368697891257,20.67125975134925,9.143060853832718,22.157766002484085,9.659368697891257,34.874229065009395,23.302431484083783,-0.19760173033650372,859653.1556493442,5907805.0886629755,-9.619451380858727,-9.782348484043828
618,003456,11.64714779980055,0.16801380303944088,343601800.3867399,4560.873479783191,2625.2936088821616,1.1444091796875,20.112031518786974,9.962785722322893,19.797033072698586,10.087845343118946,22.336026128132364,9.962785722322893,33.88271784348334,23.162191156035945,-0.18729693279477638,471996.908965678,4991271.732122608,-9.862116276242267,-9.837844216623072
618,003360,11.324096901155736,0.19703539020113417,331236163.8045816,4383.263683409585,2522.925000130727,1.068115234375,20.746244754177088,10.925968178961462,16.410324494353056,10.805929610333607,19.800365970324627,10.925968178961462,31.313318289160666,21.15225127132099,-0.19287213471913472,473534.6635111223,4683884.005370847,-9.844785970670351,-9.849531614845311
618,003264,11.001046002519331,0.22726672654921345,318890510.2620203,4208.261492913825,2421.76708279461,1.10626220703125,20.892385755599065,10.048654976292479,22.332193913936838,10.381651496498822,20.223458384029378,10.048654976292479,31.698854741596854,21.20016582117138,-0.17877967639881018,394017.7431488127,4490891.508706271,-9.908125816305175,-9.851309031964826
618,003168,10.677995103878665,0.2588017131911519,308751741.9096647,4035.8640119368765,2321.7301008885133,1.1444091796875,19.728555545527133,10.493022769114617,16.507810775446238,10.641933223930426,18.804620348862073,10.493022769114617,24.777774738694177,17.032084065762053,-0.20011808752635563,337197.7278598898,2636078.066271617,-9.96172477691372,-10.068651148919882
618,003072,10.35494420523316,0.2917451296950607,300595516.9945113,3866.0727035602586,2223.2402854417332,1.02996826171875,21.014736565711367,11.6810793946781,16.559632413578264,11.23021589868436,19.813768053617007,11.6810793946781,36.37241679616306,23.592336038439147,-0.18725306363543956,482129.7934959672,4455015.758887479,-9.794818529544328,-9.82913325472006
618,002976,10.031893306598642,0.3262142719307762,291918793.1047846,3698.665618181005,2126.1755712503264,1.10626220703125,19.84843235813569,10.441052211771789,15.747589797345675,10.065536121716335,20.463334714047992,10.441052211771789,35.81339967093441,24.495696893181865,-0.17445962862178763,687783.8425505075,4510295.052422273,-9.627810085693797,-9.811057101548407
618,002880,9.7088424079623,0.3623408972468134,278954542.55850244,3533.6730700614266,2031.019366869124,1.10626220703125,20.31291415417325,10.666714101288477,16.329285158245224,10.519706313012726,19.104793867799994,10.666714101288477,32.122655297045064,21.769457432557097,-0.16371389414602835,363849.4685396736,4111991.4248724263,-9.884611693051577,-9.831481237640485
618,002784,9.385791509326014,0.40027354710512447,270384629.42937624,3370.4237428838787,1936.823790768578,1.068115234375,19.8202010092937,8.680273353918963,14.090186092267219,8.104041161102622,18.29365577761095,8.680273353918963,26.08514496266898,17.958127583903632,-0.2077663334891899,223329.4404643636,1900664.5074253958,-10.083036021774053,-10.153076534732053
618,002688,9.0627406106918,0.44018033639164295,264904876.88459367,3210.17648431241,1843.3881154502044,1.10626220703125,19.723569235563463,7.569754158574661,10.986936558899,7.980457011037885,19.202195278865073,7.569754158574661,35.197889823428824,24.90016534217071,-0.22701458754977602,531294.9099989905,2705895.1378218187,-9.697754298480476,-9.99077899143546
618,002592,8.739689712057437,0.4822523237325531,257415758.88325176,3053.713621560971,1752.5312065965434,1.10626220703125,19.914283800389107,9.197762346997287,15.908735867744712,9.865763174824366,19.23798175103339,9.197762346997287,37.67659440794948,25.34534201903596,-0.2127874645985913,275902.85394602694,3546109.8624942177,-9.969878937850252,-9.860882944298096
618,002496,8.416638813424871,0.5267076106099969,249844194.92484337,2900.4579950821317,1663.9907229059568,1.068115234375,20.60037968310888,8.237056062182429,11.164972396834836,8.3049700108954,19.25465122975133,8.237056062182429,43.43281990233968,29.64754237939794,-0.18750237313020965,261985.62849712587,3696587.7066579266,-9.97939179487548,-9.829868248265399
618,002400,8.093587914791323,0.573796362019019,241083450.9299456,2749.828492450438,1576.4153095234683,1.10626220703125,20.931994872035393,6.320263266799268,6.603752763594176,6.73049752714441,18.36166021004232,6.320263266799268,34.63884511850041,23.677536567278942,-0.17414850343115174,417133.2147774031,3549762.6896329443,-9.76189262695382,-9.831968079071043
618,002304,7.770537016148224,0.6238070024536244,230723650.13741568,2601.5353202558904,1490.0539138609206,1.1444091796875,20.56351996593451,9.05549808637559,15.333990755259608,8.568295345225248,17.31122364509547,9.05549808637559,29.945122601598793,21.56371539087424,-0.19463313531340948,267641.1561833143,2355682.9423166076,-9.935539216479786,-9.990975276610822
618,002208,7.44748611751128,0.6770739248483364,222619751.73521674,2456.1276002428217,1405.9046674018637,1.10626220703125,20.25431637016656,9.9245585127975,13.46953433163266,9.585820144948425,17.26758948193568,9.9245585127975,31.69854378155682,21.600431817072757,-0.23881275700111224,525030.3165893275,3055906.0194440875,-9.627379312690655,-9.862423700164438
618,002112,7.124435218874854,0.7339871666931033,214913960.36251202,2313.4971960623934,1323.8905505508328,1.1444091796875,20.398017096579004,8.26583672818057,12.327313830117475,8.079986021126079,18.492894620254205,8.26583672818057,31.27842762785731,22.978212106349837,-0.23211541762028104,904404.152688331,2716928.027527282,-9.375902079474226,-9.898186493329542
618,002016,6.801384320239815,0.7950046716958373,208135147.03920272,2173.020943384126,1242.940813805345,1.1444091796875,21.532496796966424,7.839445011754995,15.263788510483389,7.590741772310826,21.29298199012961,7.839445011754995,50.79064438432689,34.232092633653494,-0.22118965786463612,577844.5542424939,5669282.223493207,-9.556534399435021,-9.564817346947258
618,001920,6.478333421604745,0.8606679900454043,198246484.56709436,2035.6243622414322,1163.7907295807518,1.1444091796875,21.28475463584727,9.496394416188426,13.655813068118471,9.455630160507674,18.829228090568918,9.496394416188426,38.84009960653269,25.89707201618551,-0.22888598938196886,581837.2072418431,3340708.652215813,-9.532404004871635,-9.773366892999507
618,001824,6.155282522964884,0.9316226108009614,191802187.97879818,1901.5565380229245,1087.7363451883468,1.18255615234375,21.631090780059463,6.942144820983497,11.064312803288495,6.5592949414546045,18.054494495007873,6.942144820983497,29.18277242377154,19.85679430173864,-0.2260307624059218,386394.7512467294,2250028.437552683,-9.695822338702245,-9.930665549980105
618,001728,5.832231624324829,1.0086446225334664,188700643.1351892,1770.7758199583848,1014.8323075458097,1.18255615234375,20.712003734631953,4.9292431689696325,6.143915593491167,4.748777352197065,20.279342585828324,4.9292431689696325,41.6269018652668,28.217856287252836,-0.23277707058197966,1187121.9563219708,3533138.117202962,-9.201278042823084,-9.727612765164903
618,001632,5.509180725688434,1.0926761541014571,180474941.41775438,1642.9345126555363,942.9547704865759,1.220703125,20.685991000850063,7.690187275543929,11.139180215318563,7.615431271585344,20.721753860302424,7.690187275543929,49.16921835025967,32.83066677456981,-0.18641621524893517,164682.00209131042,3362301.5364413457,-10.039770771299972,-9.729780250457287
618,001536,5.186129827044351,1.1848732073518913,171572815.21412292,1517.6850059756962,871.4915068984274,1.2969970703125,20.44966650867004,6.854679754593342,8.841908904606187,6.702478528995684,18.49643417134035,6.854679754593342,43.45693118220764,29.281217419774844,-0.23755067442200706,282497.4827769147,2608767.7727858676,-9.783433895001838,-9.818013056541355
618,001440,4.863078928395589,1.2866713145779003,166307890.52366373,1395.3199671780935,803.5242250866366,1.2969970703125,20.56790703886661,6.75026109099834,11.064262260135536,6.306410507468582,19.721438580370545,6.75026109099834,40.7343437967218,28.38971075227648,-0.20398728045763145,120460.31136476021,2202772.747786459,-10.14006887353304,-9.8779431600817
618,001344,4.540028029750102,1.3998773857408184,163078059.06341234,1275.4482847005224,736.0120065936997,1.373291015625,24.114450907152523,9.994763123552607,14.570991752213171,10.414394753051635,32.95523247466574,9.994763123552607,83.58064815270833,54.02736429372505,-0.1507330129075717,246086.5646545859,17352509.64478295,-9.821307630284522,-8.97303323942535
618,001248,4.216977131099695,1.5268009671781488,139465727.19683334,1157.9913878291422,667.3900455817859,4.119873046875,21.039748523003777,5.977385551581728,8.31949426118545,6.22479912893676,25.750903445522795,5.977385551581728,47.357172568917186,30.175229765424607,-0.21381790368422712,476539.95380845474,6803642.446536303,-9.466368177265432,-9.31172601369492
618,001152,3.8939262324478805,1.6704464395322585,110105615.93018208,1044.6152014909815,611.2123540505066,6.256103515625,23.103696849841437,18.741752817937716,18.41287554600294,19.011211229835986,23.139487223627626,18.741752817937716,33.48280645985554,22.51240242401797,-0.04109986734110654,456996.7104217209,3348243.856297202,-9.38189639678085,-9.516992390080297
618,001056,3.5708753338005814,1.8348024148908089,99572531.77392513,936.2625340283828,557.1182628837697,15.7928466796875,22.140971896464727,10.2430943456284,15.81132555273357,9.361906560957303,18.332744010469558,10.2430943456284,32.516158345634395,21.561346387109715,-0.2657137509983273,83436.1047784075,1966481.334120806,-10.076785529009337,-9.7044497213929
618,000960,3.2478244351614376,2.0252918418934347,93618229.21942078,828.1892098126451,496.2526300968754,17.7764892578125,25.690146727141755,10.788647561175388,15.084600937575088,10.9824829380964,21.139467957297146,10.788647561175388,49.58052071283501,30.59093106547974,-0.2779024399992778,1126333.8910399983,6497778.40772073,-8.91969327013001,-9.158595525612933
618,000864,2.9247735365226153,2.2494992472362028,79605728.47286016,723.7411356118894,436.1015858726873,20.44677734375,19.879246961733887,8.234588765586865,11.988754340091079,8.05902679346125,16.778107253116556,8.234588765586865,37.261568161492214,23.72584970551525,-0.3521071055700072,217205.57990552118,3550035.5501595936,-9.56407334306287,-9.350711618822146
618,000768,2.601722637882806,2.518400408650693,71250290.75969799,623.4075872027737,379.75794232190884,31.73828125,13.799377915536512,7.5876693964885025,11.337826530032803,7.289628608268749,17.133103909610124,7.5876693964885025,38.84296554233223,25.17211092079381,-0.2868345102016351,152082.47105476557,3474299.766206074,-9.670707480577224,-9.311919353853904
618,000672,2.2786717392391767,2.8485597433042145,61487755.61324081,527.1113405639255,327.3299111192907,40.9698486328125,17.917079482454415,6.197523062820009,10.35237895734038,5.9458357902975525,17.190107873359374,6.197523062820009,35.01565087117412,23.04537254166908,-0.3297197763733105,149709.82299923262,1516297.6475613993,-9.613538344095481,-9.60800417980042
618,000576,1.9556208405945408,3.266336524173643,58531481.73488785,436.0979457532949,274.5042843934733,41.46575927734375,14.065119258785128,5.856114982163978,11.858689131958972,5.621896862025801,17.948603695642507,5.856114982163978,46.79996388054761,28.89062455978845,-0.32143870185954837,32424.445206639663,2396926.7639527437,-10.256516964603133,-9.387734753755613
618,000480,1.6325699419506694,3.816678440078769,50880204.43818247,351.54198654063146,226.14884569482916,40.8935546875,13.660607778086133,4.12884532863986,6.14805325940771,4.433227269410422,19.1897739376087,4.12884532863986,57.80001348562606,37.566987608886365,-0.42693127966062466,130199.23056517568,7296973.430321033,-9.591940429950514,-8.843406082745984
618,000384,1.3095190433071264,4.583801636528016,30233037.236461453,270.2746665388652,177.04859881365596,34.1796875,13.604042067178991,7.965670302515946,10.653070188598313,7.945073051401751,16.075965171419853,7.965670302515946,36.52825284991648,24.08746988108085,0.06642292930384529,129333.22874869421,3279890.596106931,-9.368771659275312,-8.964622421315273
618,000288,0.9864681446642471,5.7486425317343155,16642374.347709808,157.3183871562534,64.94255061164505,23.026466369628906,12.53748913176876,10.48184833238549,18.066009387330034,10.53672876533961,10.89542174847309,10.48184833238549,22.82577154280316,14.846517489014627,-0.8205171007448361,61528.62848673192,720414.3492279135,-9.43213805216246,-9.36363293213094
618,000192,0.6634172460198041,7.795747492274948,16113996.893504389,97.27531525658178,33.41571176635055,15.01321792602539,11.000693979576502,7.081533814590523,12.516279664506289,6.935631060473572,9.218914857441288,7.081533814590523,18.06277328561138,10.68194099243411,-0.6003060021639757,18420.623785662337,333225.36958563025,-9.941898942769326,-9.684465217267839
618,000096,0.3403663473769398,12.728289439235649,177221.95769777577,55.94372152217443,45.69311705041288,-1,12.929942533855277,nan,nan,nan,6.166743205344518,nan,3.1015203924794137,2.480118424424645,0.18246081688282312,0,2381.292951619319,-inf,-9.8717047032158
