galaxyID,tstep,t,tlookback,z,M_star,R_halfmass,sigma_star,sigma_youngstar,SFR_10,SFR_100,sSFR_10,sSFR_100
m11h_r7100,600,13.736216022,0.0,0.0,4099303400.0,37.56999999999898,89.269325,97.69989,3152536.5,51041024.0,-10.114049941775157,-9.90479068655775
m11h_r7100,599,13.733926683,0.002289339,0.000159264,4098780000.0,37.56999999999898,89.27068,95.5261,3096441.0,51326736.0,-10.121791788908126,-9.902310950998933
m11h_r7100,598,13.731635434,0.004580588,0.000318646,4098297000.0,37.56999999999898,89.27844,94.07926,2983145.5,51282470.0,-10.13792900130566,-9.902634485897511
m11h_r7100,597,13.729346562,0.00686946,0.00047791,4098030800.0,37.56999999999898,89.291466,92.82385,3164707.2,51875424.0,-10.11224168126581,-9.897613563827933
m11h_r7100,596,13.727056638,0.009159384,0.000637293,4097795600.0,37.56999999999898,89.33336,91.40591,3709193.0,52490148.0,-10.043270858583838,-9.892472492797229
m11h_r7100,595,13.724764804,0.011451218,0.000796795,4097272600.0,37.56999999999898,89.34299,91.003716,3829479.5,52530508.0,-10.029355107880956,-9.892083256179472
m11h_r7100,594,13.72247449,0.013741532,0.000956297,4097006800.0,37.56999999999898,89.359474,92.97917,4450618.0,52896004.0,-9.964046369811985,-9.889043825128661
m11h_r7100,593,13.720183981,0.016032042,0.001115799,4096666600.0,37.579999999998975,89.38016,94.38737,4978960.0,53340576.0,-9.915291986391878,-9.885372922520911
m11h_r7100,592,13.717892419,0.018323603,0.001275539,4096247300.0,37.56999999999898,89.43897,91.54163,5315168.0,53685868.0,-9.886869171598914,-9.88252618847428
m11h_r7100,591,13.71560152,0.020614503,0.001435161,4095706400.0,37.56999999999898,89.45019,92.13267,5310013.5,54320870.0,-9.88723318814753,-9.877362080411988
m11h_r7100,590,13.71330871,0.022907312,0.001594901,4094936300.0,37.56999999999898,89.46769,90.24155,5620128.0,54808384.0,-9.86250094561209,-9.87340015518521
m11h_r7100,589,13.690383616,0.045832406,0.003194809,4083608300.0,37.69999999999892,89.710556,90.08561,7383975.0,52268896.0,-9.742753862356855,-9.89280075275907
m11h_r7100,588,13.667437317,0.068778706,0.004799962,4071824100.0,37.84999999999889,89.948296,84.22825,7732372.0,46262964.0,-9.721476271978942,-9.944555557563396
m11h_r7100,587,13.644472396,0.091743626,0.006410241,4060022800.0,38.00999999999886,90.2142,79.37418,5104701.0,42142736.0,-9.900558161716548,-9.98380574320447
m11h_r7100,586,13.621487144,0.114728878,0.008025765,4053212400.0,38.12999999999884,90.69323,80.39504,6242612.0,40929030.0,-9.81243302147279,-9.995767890932727
m11h_r7100,585,13.598484154,0.137731869,0.009646297,4043281700.0,38.24999999999881,91.178925,74.83246,5388935.5,35997324.0,-9.875231010737638,-10.050463779296832
m11h_r7100,584,13.575459989,0.160756033,0.011272073,4035831300.0,38.3099999999988,91.20877,74.30297,3292332.5,30596090.0,-10.088429314638976,-10.120267074010117
m11h_r7100,583,13.552416383,0.183799639,0.012903214,4029050000.0,38.389999999998786,90.530655,86.1577,4636891.5,29769568.0,-9.938975735204625,-10.13143013658996
m11h_r7100,582,13.529354209,0.206861813,0.014539599,4022553000.0,38.449999999998774,89.296776,80.60502,3427650.8,28460774.0,-10.069505220052534,-10.15025507776024
m11h_r7100,581,13.506271753,0.22994427,0.016181231,4016415000.0,38.45999999999877,88.044945,74.61221,1839745.0,29353104.0,-10.339080946473485,-10.13618454445072
m11h_r7100,580,13.483171618,0.253044405,0.017828226,4014900700.0,38.47999999999877,87.47438,85.19973,2646509.8,37210484.0,-10.1810013139811,-10.033009493330209
m11h_r7100,579,13.460050357,0.276165666,0.019480586,4009966300.0,38.539999999998756,87.699776,118.760506,3558033.0,39189624.0,-10.051930754941669,-10.009969629983884
m11h_r7100,578,13.436911444,0.299304578,0.021138191,4005533200.0,38.46999999999877,88.55112,75.414276,4147653.0,43516772.0,-9.984857918626615,-9.96400366135723
m11h_r7100,577,13.413751427,0.322464595,0.02280128,3998336500.0,38.47999999999877,89.720985,94.07345,3463036.0,51915264.0,-10.062422336564882,-9.886584276013355
m11h_r7100,576,13.390571182,0.34564484,0.024469852,3991777500.0,38.57999999999892,91.057655,70.24676,6471981.5,59664644.0,-9.790129062628898,-9.825449276144418
m11h_r7100,575,13.367374196,0.368841827,0.026143789,3983618300.0,38.70999999999889,92.273834,89.01925,4936066.0,71848720.0,-9.906896761204148,-9.743858683715512
m11h_r7100,574,13.34415614,0.392059883,0.027823329,3978390800.0,38.81999999999887,92.61562,64.1913,11272967.0,78041460.0,-9.547669204507566,-9.707382076853856
m11h_r7100,573,13.320920505,0.415295518,0.029508114,3961303300.0,38.88999999999886,91.94173,74.99735,8198978.5,74608056.0,-9.684078347731194,-9.725052371216915
m11h_r7100,572,13.297663825,0.438552197,0.03119874,3948202200.0,38.949999999998845,91.17915,78.26657,10309336.0,70838920.0,-9.583168696267945,-9.746127459192438
m11h_r7100,571,13.274388727,0.461827295,0.032894731,3925610000.0,39.099999999998815,91.0918,85.692726,7917478.0,55200490.0,-9.695320284227199,-9.851964232387779
m11h_r7100,570,13.251093483,0.48512254,0.034596443,3911872300.0,39.1699999999988,91.73794,83.82073,5072958.0,51768184.0,-9.88712339753539,-9.87832173382705
m11h_r7100,569,13.227780724,0.508435299,0.03630352,3899715000.0,39.20999999999879,92.63976,79.66742,6423183.0,50540784.0,-9.783282581502803,-9.887390902470953
m11h_r7100,568,13.204446975,0.531769047,0.038016558,3889227500.0,39.299999999998775,93.174965,71.69642,5149570.0,50522200.0,-9.878092384092774,-9.88638109639792
m11h_r7100,567,13.181093998,0.555122024,0.039735079,3881664800.0,39.33999999999877,92.97564,78.553055,4150151.0,55634130.0,-9.970954127256697,-9.843676740342799
m11h_r7100,566,13.157722684,0.578493338,0.041459441,3872503300.0,39.349999999998765,92.58014,81.63864,5823210.5,58272560.0,-9.822829306610405,-9.82252769836199
m11h_r7100,565,13.134331301,0.601884722,0.043189406,3861559600.0,39.449999999998745,92.44154,86.408226,5746559.0,59789668.0,-9.827354866837238,-9.810136594929341
m11h_r7100,564,13.110922492,0.62529353,0.044925094,3851929600.0,39.51999999999873,92.54463,76.56761,6418415.0,58331770.0,-9.77825054696547,-9.819773201290351
m11h_r7100,563,13.087492771,0.648723251,0.046666741,3841023700.0,39.609999999998884,92.612755,91.68537,9724380.0,57499988.0,-9.596585070398937,-9.824779237791036
m11h_r7100,562,13.064045664,0.672170358,0.048413992,3826557200.0,39.63999999999888,92.5816,89.014404,6412184.0,52139570.0,-9.775802231700418,-9.865640779282495
m11h_r7100,561,13.040577678,0.695638344,0.050167203,3814480600.0,39.67999999999887,92.4317,80.53364,6776969.0,53661610.0,-9.750399915976256,-9.851771732613306
m11h_r7100,560,13.017090587,0.719125435,0.051926374,3804122600.0,39.699999999998866,92.15428,78.68683,4327775.5,50406370.0,-9.943989783764392,-9.877769102015185
m11h_r7100,559,12.99358529,0.742630732,0.053691268,3796482600.0,39.73999999999886,91.89906,78.061165,7327495.5,48230110.0,-9.714425848789391,-9.896063138746733
m11h_r7100,558,12.970060047,0.766155975,0.055462241,3787028500.0,39.77999999999885,91.83102,83.13085,7009205.0,48556144.0,-9.732629809114504,-9.892054380493837
m11h_r7100,557,12.946517521,0.789698501,0.057239056,3772851200.0,39.86999999999883,91.75991,83.11608,6504430.5,47195160.0,-9.763460399505943,-9.902772214344493
m11h_r7100,556,12.922954207,0.813261815,0.05902195,3764521700.0,39.88999999999883,91.63843,78.266396,3992505.2,50945610.0,-9.974464312244704,-9.868603058530336
m11h_r7100,555,12.899372772,0.836843251,0.060810804,3759385600.0,39.899999999998826,91.26153,82.97313,4617590.0,53812000.0,-9.910701504670133,-9.844237740040114
m11h_r7100,554,12.87577147,0.860444553,0.062605739,3749915600.0,39.91999999999882,90.79564,83.2553,6076306.0,53630640.0,-9.79038186204209,-9.844608519018546
m11h_r7100,553,12.852151206,0.884064817,0.064406872,3738259000.0,40.0299999999988,90.51207,85.53941,7467755.5,49895664.0,-9.699479290681897,-9.874606574568492
m11h_r7100,552,12.828513772,0.90770225,0.066213965,3724647700.0,40.099999999998786,90.463,88.02423,4723684.0,44616772.0,-9.896804361520141,-9.921587052354981
m11h_r7100,551,12.804855652,0.93136037,0.068027258,3716287200.0,40.109999999998784,90.66941,83.763596,5171560.5,44855050.0,-9.856487663572329,-9.918297947501609
m11h_r7100,550,12.781180411,0.955035611,0.06984663,3707409200.0,40.08999999999879,91.25622,77.615814,4830156.0,43035330.0,-9.885109360258474,-9.935245400333255
m11h_r7100,549,12.757484527,0.978731495,0.07167232,3699553300.0,40.109999999998784,91.65484,82.045105,5156055.0,45427016.0,-9.855831744942684,-9.910835076388858
m11h_r7100,548,12.733770684,1.002445338,0.07350421,3691445000.0,40.12999999999878,91.373726,76.45271,5142961.0,48921224.0,-9.855983170175163,-9.877699086707421
m11h_r7100,547,12.710037131,1.026178891,0.075342536,3682147800.0,40.21999999999876,90.72513,84.60442,4259379.0,51061828.0,-9.936754936286933,-9.858004863274932
m11h_r7100,546,12.68628478,1.049931242,0.077187061,3675220500.0,40.159999999998774,90.467674,82.88445,4794062.0,57884052.0,-9.884579751624868,-9.802724472946169
m11h_r7100,545,12.662515436,1.073700586,0.079037786,3666366000.0,40.209999999998765,90.89568,86.071045,6834458.0,62826380.0,-9.729531732174323,-9.766093774369095
m11h_r7100,544,12.638725566,1.097490456,0.080895066,3653999400.0,40.359999999998735,91.71293,86.36704,5604624.5,63403252.0,-9.814221946011621,-9.760656933209281
m11h_r7100,543,12.614917867,1.121298155,0.082758665,3643759900.0,40.5299999999987,92.745514,73.02342,7151943.0,63452732.0,-9.70712570419963,-9.759099423060189
m11h_r7100,542,12.591090582,1.14512544,0.084628701,3630433500.0,40.719999999998834,93.89823,84.57468,9408920.0,62647516.0,-9.586418714410144,-9.763054634623975
m11h_r7100,541,12.567246415,1.168969607,0.086505175,3615005000.0,40.869999999998804,94.52889,86.04178,6726992.5,60163480.0,-9.730287950180985,-9.7787759447195
m11h_r7100,540,12.543381824,1.192834198,0.088388205,3603503400.0,41.009999999998776,94.57907,79.09918,7785778.5,61917064.0,-9.665422887162087,-9.764914576672608
m11h_r7100,539,12.51950041,1.216715613,0.090277672,3592262100.0,41.169999999998744,94.1841,80.60752,7092785.0,61577944.0,-9.70455122613138,-9.765942837296757
m11h_r7100,538,12.495598624,1.240617398,0.092173934,3579513900.0,41.309999999998716,93.575836,91.0685,7006857.0,56073030.0,-9.708300793624431,-9.805070007822968
m11h_r7100,537,12.471677388,1.264538634,0.094076753,3566966800.0,41.459999999998686,93.24557,90.90793,8900501.0,53035892.0,-9.602884611837247,-9.827729187596965
m11h_r7100,536,12.447740314,1.288475708,0.095986009,3553166800.0,41.629999999998816,93.25901,90.73786,6694963.0,51200000.0,-9.724867420164202,-9.84134564039596
m11h_r7100,535,12.423782953,1.312433069,0.097902179,3540472800.0,41.74999999999879,93.18955,88.929665,4835826.0,51068304.0,-9.864590600227011,-9.840909831163115
m11h_r7100,534,12.399808923,1.3364071,0.099824786,3533626600.0,41.839999999998774,93.166725,84.36589,4749280.5,53429784.0,-9.871592837984071,-9.82043723997201
m11h_r7100,533,12.375814664,1.360401359,0.101754427,3524015000.0,41.94999999999875,93.069756,77.317986,4048943.8,53681012.0,-9.939696017769949,-9.817217066536251
m11h_r7100,532,12.3518029,1.384413122,0.103690624,3513636000.0,42.089999999998724,92.48907,81.398125,7092087.0,55142600.0,-9.69498272547979,-9.804269540570228
m11h_r7100,531,12.327771867,1.408444155,0.105633855,3500235800.0,42.1999999999987,91.62807,90.248215,6605992.5,54407250.0,-9.724159223139653,-9.808440540229725
m11h_r7100,530,12.303722495,1.432493527,0.10758388,3489941800.0,42.24999999999869,90.94382,87.99339,4384560.0,53097556.0,-9.900892162025794,-9.817743647906815
m11h_r7100,529,12.27965662,1.456559403,0.109540582,3480961000.0,42.339999999998675,90.44647,81.59755,7179221.5,51189910.0,-9.685621807760251,-9.832514777596051
m11h_r7100,528,12.25557067,1.480645353,0.111504436,3469287400.0,42.539999999998635,90.04639,76.99417,6528348.0,49001950.0,-9.725436984964734,-9.850026901263389
m11h_r7100,527,12.231467383,1.504748639,0.113475204,3456397000.0,42.75999999999876,89.78387,85.893936,6018569.0,49245444.0,-9.759130382682212,-9.84625756912247
m11h_r7100,526,12.20734499,1.528871032,0.115453005,3446662000.0,42.939999999998726,89.894424,71.71336,4902959.5,53972080.0,-9.846940376054889,-9.805229526484323
m11h_r7100,525,12.183206235,1.553009787,0.11743772,3439490600.0,43.049999999998704,90.47949,78.70215,4106637.0,56340416.0,-9.923007806083083,-9.785674072469742
m11h_r7100,524,12.159047539,1.577168484,0.119429588,3431838200.0,43.099999999998694,90.99181,67.31788,7545880.0,60587268.0,-9.657816910643275,-9.753145435361525
m11h_r7100,523,12.134870743,1.601345279,0.121428609,3418242300.0,43.149999999998684,90.97651,69.97618,9354949.0,54945470.0,-9.562761420464218,-9.793870936209656
m11h_r7100,522,12.110677698,1.625538325,0.123434663,3402239500.0,43.17999999999868,90.01605,73.31367,4819905.5,45953904.0,-9.848726357437334,-9.869442468252348
m11h_r7100,521,12.086464816,1.649751206,0.125447989,3393551000.0,43.249999999998664,88.694145,73.9429,7003467.0,45316070.0,-9.685341307066526,-9.8744021355336
m11h_r7100,520,12.062234854,1.673981169,0.127468586,3380727300.0,43.40999999999863,88.10973,79.880745,5348564.0,41397860.0,-9.80077294325373,-9.912032248616102
m11h_r7100,519,12.037986035,1.698229988,0.129496455,3371768800.0,43.53999999999861,88.34014,84.40193,4141331.0,44448588.0,-9.910717848496223,-9.879999822528456
m11h_r7100,518,12.013721122,1.722494901,0.131531477,3365130800.0,43.63999999999876,88.94904,87.98224,3818747.5,49844930.0,-9.945081000110513,-9.829380970374709
m11h_r7100,517,11.98943652,1.746779502,0.133574009,3357733400.0,43.73999999999874,89.39295,87.94992,5363687.0,52367650.0,-9.796582781107418,-9.806983138832964
m11h_r7100,516,11.965134086,1.771081937,0.135623932,3349235700.0,43.81999999999872,89.59745,81.462036,5628446.5,55607944.0,-9.77455717097532,-9.779808875180864
m11h_r7100,515,11.940814769,1.795401253,0.137681127,3337907500.0,43.97999999999869,89.98817,82.8561,6377617.0,53785510.0,-9.718815856963193,-9.792808984471646
m11h_r7100,514,11.916476791,1.819739231,0.139745951,3325190700.0,44.099999999998666,90.4437,79.88967,7117184.0,52043230.0,-9.669508357682837,-9.805452292059611
m11h_r7100,513,11.892122926,1.844093096,0.141818166,3314770200.0,44.11999999999866,90.63194,86.24067,6802532.0,51925176.0,-9.687782829274472,-9.805075445461537
m11h_r7100,512,11.86774957,1.868466452,0.14389801,3302476800.0,44.109999999998664,90.700554,87.13928,4333900.0,48154650.0,-9.881960889135854,-9.836201562755688
m11h_r7100,511,11.843360414,1.892855609,0.145985365,3294515200.0,44.08999999999867,90.90239,88.102745,7306387.0,50476052.0,-9.654088843689692,-9.814706136517808
m11h_r7100,510,11.818951849,1.917264174,0.148080468,3282526200.0,44.08999999999867,91.1071,90.21842,5152397.0,46752810.0,-9.804198883534376,-9.846400502260373
m11h_r7100,509,11.794526658,1.941689364,0.150183082,3271549200.0,44.12999999999866,91.236496,77.70652,4852307.5,44058424.0,-9.828805138666276,-9.870724495722706
m11h_r7100,508,11.770083058,1.966132964,0.152293563,3263398100.0,44.149999999998656,90.83699,81.41502,6135252.0,42448330.0,-9.725837656513976,-9.88580947373879
m11h_r7100,507,11.745622007,1.990594016,0.154411793,3252805600.0,44.17999999999865,89.919914,77.907364,5977941.0,36761784.0,-9.735706488841059,-9.946861534291056
m11h_r7100,506,11.721145382,2.01507064,0.156537652,3244182800.0,44.23999999999864,88.94555,79.74595,4899608.5,32380658.0,-9.820943935882658,-10.000819645575515
m11h_r7100,505,11.696649566,2.039566456,0.158671618,3235885600.0,44.31999999999862,88.26255,78.0542,5136698.0,28756772.0,-9.799309121912156,-10.051253020970288
m11h_r7100,504,11.672137354,2.064078668,0.160813332,3228843000.0,44.33999999999862,87.999504,84.37156,3508565.0,29103838.0,-9.963917402653298,-10.045096665049329
m11h_r7100,503,11.647606958,2.088609064,0.162963033,3223844600.0,44.349999999998616,87.9261,73.76847,3355575.0,33406276.0,-9.982607150163515,-9.984546035382108
m11h_r7100,502,11.623061182,2.11315484,0.165120482,3219064600.0,44.36999999999861,87.8595,82.96539,2527496.5,37054356.0,-10.105039126065678,-9.93889041924594
m11h_r7100,501,11.598496397,2.137719625,0.167286277,3215102000.0,44.349999999998616,87.88369,79.16157,4035222.0,40928996.0,-9.901327316437824,-9.89516365769967
m11h_r7100,500,11.573914491,2.162301531,0.169460058,3208107500.0,44.359999999998614,88.37626,77.73072,6430006.0,42776564.0,-9.69803753709754,-9.875043018061591
m11h_r7100,499,11.549317354,2.186898668,0.171641707,3198540800.0,44.399999999998606,89.42553,83.11323,4014974.8,43691740.0,-9.901269076505347,-9.864552554272027
m11h_r7100,498,11.524701354,2.211514669,0.17383182,3189788700.0,44.48999999999859,90.57446,86.95359,3701825.0,44550040.0,-9.935346027314456,-9.854913813076433
m11h_r7100,497,11.500069304,2.236146719,0.176029921,3182333200.0,44.48999999999859,91.561066,84.020096,4606597.0,46766544.0,-9.839365427036647,-9.832810370291515
m11h_r7100,496,11.475419411,2.260796611,0.178236485,3173662000.0,44.56999999999874,91.91429,79.12017,4411177.5,46105560.0,-9.857006131696409,-9.837807363918252
m11h_r7100,495,11.450754497,2.285461525,0.180451035,3163185400.0,44.709999999998715,91.28499,79.92561,4966945.0,42767612.0,-9.804035297552744,-9.869009647156119
m11h_r7100,494,11.426070921,2.310145102,0.18267417,3154082000.0,44.81999999999869,90.55258,79.28417,6218738.0,40618190.0,-9.705170726507701,-9.890152398410553
m11h_r7100,493,11.401370581,2.334845441,0.184905648,3143505000.0,44.93999999999867,90.14582,80.07959,3794862.2,39022770.0,-9.918218125070732,-9.90609606915984
m11h_r7100,492,11.376654458,2.359561565,0.187145591,3135609900.0,44.99999999999866,90.0408,81.38725,4282689.5,38375730.0,-9.864605432192622,-9.912265393601947
m11h_r7100,491,11.351920754,2.384295268,0.189393997,3128235300.0,45.09999999999864,90.41487,76.40412,3966031.8,37053516.0,-9.896943220815707,-9.926469983057286
m11h_r7100,490,11.327172304,2.409043718,0.191650867,3121422300.0,45.19999999999862,90.54154,66.855484,3813333.0,37987856.0,-9.913047801961378,-9.914707750674605
m11h_r7100,489,11.302405457,2.433810565,0.193916321,3112528400.0,45.33999999999859,90.17633,67.76313,4991547.0,38917290.0,-9.794878155822504,-9.902970752276966
m11h_r7100,488,11.277623978,2.458592044,0.196190357,3104879400.0,45.49999999999856,90.1123,76.86322,4331964.0,40792560.0,-9.8553598914977,-9.881463769348388
m11h_r7100,487,11.252823285,2.483392738,0.198473334,3098925800.0,45.609999999998706,90.41713,80.95422,3968759.5,42504524.0,-9.8925563988695,-9.862776024115092
m11h_r7100,486,11.228007146,2.508208877,0.200764894,3091238700.0,45.73999999999868,90.63768,75.03275,5591502.5,42112856.0,-9.742604012219713,-9.865717840327873
m11h_r7100,485,11.203176551,2.533039471,0.203065157,3081529300.0,45.89999999999865,90.23926,82.312195,4620291.0,38416640.0,-9.82409697806804,-9.9042469297955
m11h_r7100,484,11.178327842,2.557888181,0.20537436,3071967500.0,46.1299999999986,89.31934,76.70866,5428225.0,35012580.0,-9.752758774178918,-9.943192500902693
m11h_r7100,483,11.153464798,2.582751225,0.207692266,3063878700.0,46.319999999998565,88.80904,73.50102,3539327.5,34632440.0,-9.93735081069303,-9.946788470710825
m11h_r7100,482,11.128583756,2.607632266,0.210019231,3056730600.0,46.48999999999853,88.680885,74.25165,3866790.2,33402574.0,-9.89790655312065,-9.96147723317859
m11h_r7100,481,11.103687571,2.632528451,0.212355137,3050502100.0,46.65999999999866,88.63247,74.820496,3470489.5,33504172.0,-9.943980599787768,-9.959272445028637
m11h_r7100,480,11.078774441,2.657441582,0.214700222,3044537900.0,46.67999999999866,88.26796,83.94564,3687996.5,32181880.0,-9.916730878246986,-9.975909967367807
m11h_r7100,479,11.053847225,2.682368797,0.217054129,3036951800.0,46.87999999999862,87.7939,84.50174,4167532.0,30702808.0,-9.862558957150416,-9.995259803600316
m11h_r7100,478,11.028902255,2.707313767,0.219417453,3030817300.0,46.989999999998595,87.3989,74.27243,4134748.2,29668412.0,-9.865110682625852,-10.009265453332667
m11h_r7100,477,11.00394146,2.732274562,0.221789956,3024493600.0,47.06999999999858,87.02387,79.02456,3104611.0,28996708.0,-9.988645473349516,-10.01830397006861
m11h_r7100,476,10.978965839,2.757250183,0.224171519,3020191700.0,47.12999999999857,86.76133,77.48315,3937498.8,30981478.0,-9.884814087116103,-9.988932383706018
m11h_r7100,475,10.953973588,2.782242434,0.226562619,3013925000.0,47.24999999999854,86.590744,78.75915,3630616.0,31289278.0,-9.919152140964808,-9.98373691628807
m11h_r7100,474,10.92896758,2.807248443,0.228962779,3009057300.0,47.37999999999852,86.62527,74.73275,3803161.0,37533970.0,-9.898285744109987,-9.904005975590012
m11h_r7100,473,10.903944136,2.832271887,0.231372595,3003461400.0,47.52999999999849,86.81312,73.7713,3200024.2,42009892.0,-9.972468781921162,-9.85427048632132
m11h_r7100,472,10.87890707,2.857308952,0.23379159,2997179600.0,47.75999999999861,86.99629,81.15445,3310061.5,48447830.0,-9.95687671199141,-9.791438427403452
m11h_r7100,471,10.853852702,2.88236332,0.236220479,2991145200.0,47.90999999999858,87.326836,74.20658,5168766.0,54481700.0,-9.762450626680513,-9.739586847478135
m11h_r7100,470,10.828782974,2.907433049,0.238658786,2979777000.0,48.149999999998535,87.611824,65.95287,3980568.5,52350220.0,-9.874238665221934,-9.755265256013868
m11h_r7100,469,10.803698893,2.932517129,0.241106749,2970063400.0,48.3399999999985,87.57915,74.474014,6782275.5,52665076.0,-9.64139028707094,-9.751242998923493
m11h_r7100,468,10.778598653,2.957617369,0.243564367,2957287700.0,48.52999999999846,87.436066,70.98411,7447306.0,52727120.0,-9.598894375223509,-9.748859523575595
m11h_r7100,467,10.753485144,2.982730879,0.246031642,2944860000.0,48.72999999999859,87.245186,67.23966,6229529.0,52026520.0,-9.674609426978035,-9.752839861536883
m11h_r7100,466,10.728354675,3.007861347,0.24850893,2935493400.0,48.909999999998554,87.20223,65.048195,5226442.5,52562990.0,-9.74947492796055,-9.747001026477282
m11h_r7100,465,10.703210142,3.033005881,0.250995994,2925636900.0,49.13999999999851,87.29272,71.70894,5443231.0,51085812.0,-9.730363654309368,-9.757920118813418
m11h_r7100,464,10.678049733,3.05816629,0.253493071,2912535000.0,49.31999999999847,87.1355,67.493576,8062079.0,44538990.0,-9.55782410948399,-9.815530775037102
m11h_r7100,463,10.652874463,3.083341559,0.256000042,2900499200.0,49.459999999998445,87.05296,64.36179,6294806.0,42206252.0,-9.663490399916183,-9.837095962374992
m11h_r7100,462,10.627686294,3.108529728,0.258517027,2890685200.0,49.69999999999857,87.49122,73.94,4134093.0,42486360.0,-9.84462055428312,-9.832751271817823
m11h_r7100,461,10.602481529,3.133734493,0.261044264,2881988600.0,49.97999999999851,87.79863,61.70272,4814436.0,42376236.0,-9.77714684194069,-9.83256988120143
m11h_r7100,460,10.577264017,3.158952006,0.263581395,2875766800.0,50.13999999999848,88.246056,68.54388,5065474.0,43314464.0,-9.754133572612513,-9.822120718628758
m11h_r7100,459,10.552030058,3.184185964,0.266129017,2865876700.0,50.29999999999845,88.37385,72.67921,4065544.0,41001320.0,-9.848138841409613,-9.844459668398581
m11h_r7100,458,10.526782563,3.209433459,0.268686771,2855800600.0,50.50999999999858,88.112144,68.989365,5433655.5,41587304.0,-9.720635776669594,-9.836767109793424
m11h_r7100,457,10.501519721,3.234696302,0.271255136,2847254000.0,50.62999999999855,87.93401,68.09429,4780098.0,48851310.0,-9.774989413721762,-9.765549982126942
m11h_r7100,456,10.476242553,3.259973469,0.273833752,2839981600.0,50.79999999999852,88.07209,62.46789,4282216.0,53565732.0,-9.821646951571317,-9.724428477285633
m11h_r7100,455,10.450953035,3.285262988,0.276422739,2832440800.0,50.8999999999985,88.42117,65.23052,5405445.0,56194176.0,-9.719329393685017,-9.702469539131304
m11h_r7100,454,10.425647459,3.310568564,0.279022455,2822571500.0,51.07999999999846,88.53562,58.098446,8719810.0,58078810.0,-9.510137933157946,-9.686627260754674
m11h_r7100,453,10.400328747,3.335887275,0.281632662,2805867800.0,51.319999999998416,88.763214,72.49154,5883594.0,51329028.0,-9.678424505029868,-9.737704161182306
m11h_r7100,452,10.374995086,3.361220936,0.284253597,2793673700.0,51.529999999998374,89.10585,80.3383,6007062.0,46580396.0,-9.667513569262432,-9.777972507328025
m11h_r7100,451,10.349649404,3.386566618,0.286885142,2783693000.0,51.7299999999985,88.88675,65.25509,7698210.0,42510544.0,-9.558231592014948,-9.816124683490907
m11h_r7100,450,10.32428799,3.411928032,0.289527774,2771775700.0,51.96999999999845,88.31771,75.347534,5440259.0,44080200.0,-9.707138513812902,-9.798514533584509
m11h_r7100,449,10.298914724,3.437301298,0.292180896,2761395700.0,52.10999999999842,87.74938,73.3195,4691772.0,46387704.0,-9.769791747019562,-9.774725768861039
m11h_r7100,448,10.273524943,3.46269108,0.294845343,2753890000.0,52.249999999998394,87.96717,72.41511,3422245.2,47690090.0,-9.905635467222506,-9.761518472780969
m11h_r7100,447,10.24812253,3.488093492,0.297520757,2748466400.0,52.31999999999838,88.484,70.61095,6146078.0,46099724.0,-9.650492369545491,-9.775392111873469
m11h_r7100,446,10.222708527,3.513507495,0.300207019,2734786300.0,52.46999999999835,88.83008,69.97142,6490214.0,40820810.0,-9.624664379350271,-9.82604179944163
m11h_r7100,445,10.197279215,3.538936807,0.302904606,2721637400.0,52.649999999998315,88.83808,67.43823,5277001.0,35264840.0,-9.712443083959679,-9.887488342687401
m11h_r7100,444,10.17183849,3.564377532,0.30561316,2712717300.0,52.76999999999846,88.861496,68.89241,2353923.0,34945504.0,-10.06161228659454,-9.890013230527199
m11h_r7100,443,10.146382631,3.589833391,0.308333278,2709253000.0,52.82999999999845,88.96575,77.47758,3299187.0,41567544.0,-9.914442649849317,-9.814095217011099
m11h_r7100,442,10.120914586,3.615301437,0.31106472,2700305700.0,53.01999999999841,89.37848,63.405262,5265623.0,38564544.0,-9.70996316543909,-9.845224726885487
m11h_r7100,441,10.095432538,3.640783484,0.313807607,2693141500.0,53.149999999998386,89.40688,83.26264,3636404.0,37414976.0,-9.86958704605461,-9.857213701887293
m11h_r7100,440,10.069937533,3.666278489,0.316561937,2684493000.0,53.199999999998376,89.12695,68.82203,6917238.0,36100800.0,-9.588929566290046,-9.871345458854178
m11h_r7100,439,10.044431572,3.69178445,0.319327712,2674064100.0,53.26999999999836,88.90359,78.266624,3486261.8,35243160.0,-9.884811827062121,-9.880096976532666
m11h_r7100,438,10.01891093,3.717305093,0.322105289,2668244200.0,53.32999999999835,89.09033,65.451385,3441651.2,37512324.0,-9.889458717756133,-9.852051607155085
m11h_r7100,437,9.993378564,3.742837458,0.324894547,2662255400.0,53.259999999998364,89.27944,68.69614,4324719.0,42208228.0,-9.789291815792103,-9.799852590246442
m11h_r7100,436,9.967832659,3.768383363,0.327695608,2655274800.0,53.26999999999836,89.58155,64.69204,5770697.0,48716760.0,-9.662881194389733,-9.736431068934555
m11h_r7100,435,9.94227618,3.793939842,0.330508351,2645412900.0,53.38999999999834,90.091095,67.267784,4329503.0,49617730.0,-9.786055416172735,-9.726856587073563
m11h_r7100,434,9.916705395,3.819510627,0.333333373,2637304600.0,53.5899999999983,90.95127,75.27641,5429270.0,53172576.0,-9.686418848471678,-9.695472587655592
m11h_r7100,433,9.891122315,3.845093707,0.336170316,2626656000.0,53.88999999999841,91.86479,66.58383,8043192.5,48967664.0,-9.513974736214356,-9.729493812618395
m11h_r7100,432,9.865528955,3.870687067,0.339019179,2612904700.0,54.23999999999834,92.684204,81.01016,4881097.0,39950870.0,-9.72860613244208,-9.81559730772143
m11h_r7100,431,9.839921581,3.896294442,0.341880322,2602386400.0,54.469999999998294,92.38404,65.23826,6727421.0,32429608.0,-9.587523179456529,-9.90443008693404
m11h_r7100,430,9.814303167,3.921912856,0.344753742,2589948700.0,54.719999999998244,91.04361,73.866936,3065353.8,23726984.0,-9.926810556763561,-10.038048619852164
m11h_r7100,429,9.788671896,3.947544126,0.347639561,2583217000.0,54.719999999998244,89.24396,71.96157,3632843.8,18941436.0,-9.851914153507925,-10.134747971680017
m11h_r7100,428,9.763030749,3.973185274,0.350537539,2578845000.0,54.62999999999826,87.29266,69.49644,2335382.0,15498820.0,-10.043067299223988,-10.221126593283177
m11h_r7100,427,9.737375987,3.998840035,0.353448272,2576056800.0,54.58999999999827,85.32292,59.87111,2278717.5,15352064.0,-10.053264952413635,-10.224788667808545
m11h_r7100,426,9.711709635,4.024506388,0.356371522,2572106500.0,54.62999999999826,84.05346,68.80213,1384720.2,14730580.0,-10.268926902911929,-10.242069099202583
m11h_r7100,425,9.686032756,4.050183267,0.359307408,2570435000.0,54.68999999999825,83.892746,69.68115,1161486.6,19735576.0,-10.344992425179987,-10.114756832084256
m11h_r7100,424,9.660343533,4.075872489,0.36225605,2569972200.0,54.719999999998244,84.5253,67.20362,1243874.8,39160270.0,-10.31515177758521,-9.81708272987515
m11h_r7100,423,9.634644957,4.101571065,0.365217328,2567289600.0,54.82999999999839,86.00287,174.93433,2369609.8,43954310.0,-10.034798033369274,-9.766473374900283
m11h_r7100,422,9.608933288,4.127282735,0.368191719,2564441600.0,54.14999999999836,87.43225,66.702614,3536362.0,48366144.0,-9.860436098122435,-9.724451348772298
m11h_r7100,421,9.58321248,4.153003542,0.371178865,2558964500.0,54.059999999998375,88.15768,51.932114,13243757.0,60241052.0,-9.286053054052969,-9.628171710235485
m11h_r7100,420,9.557478793,4.178737229,0.374179363,2537750500.0,54.47999999999829,87.7972,60.309597,4399196.5,50352668.0,-9.761075565656556,-9.702426439662446
m11h_r7100,419,9.531733296,4.204482727,0.377193093,2530241000.0,54.659999999998256,87.36341,74.52998,3329536.0,51054770.0,-9.880778177894657,-9.695125585840477
m11h_r7100,418,9.505979954,4.230236068,0.380219817,2523819800.0,54.83999999999839,87.15684,69.52373,10369228.0,56733684.0,-9.386311915140656,-9.648217353670432
m11h_r7100,417,9.48021406,4.256001963,0.383260012,2504689400.0,55.13999999999833,87.23053,89.68274,5970385.0,50018196.0,-9.622751541711459,-9.699625855171016
m11h_r7100,416,9.454439582,4.281776441,0.386313438,2493737700.0,55.19999999999832,87.54374,75.642815,3693034.5,52040576.0,-9.829467411007421,-9.68050868100593
m11h_r7100,415,9.428652774,4.307563249,0.389380574,2485172500.0,55.419999999998275,88.12102,101.46388,5430584.5,51336624.0,-9.660509960015727,-9.684929230537564
m11h_r7100,414,9.402856644,4.333359378,0.392461181,2473232000.0,54.88999999999838,88.197815,95.971695,4984193.5,45630780.0,-9.695669940045269,-9.734006941974709
m11h_r7100,413,9.377049376,4.359166646,0.395555615,2459965700.0,54.62999999999843,87.5333,71.30393,7740200.0,41699220.0,-9.50217686833064,-9.770801119544307
m11h_r7100,412,9.351233983,4.384982039,0.39866364,2447516000.0,54.88999999999838,87.1388,75.51746,3965724.0,35334950.0,-9.790403036936276,-9.840521016844066
m11h_r7100,411,9.325406717,4.410809306,0.401785731,2439564300.0,54.95999999999837,86.7616,82.43211,3686899.2,34564348.0,-9.820650997208146,-9.848683898195132
m11h_r7100,410,9.299569626,4.436646397,0.40492177,2434053000.0,55.02999999999835,86.631645,77.9199,5320638.0,36519540.0,-9.660366340045508,-9.823804753376995
m11h_r7100,409,9.273723795,4.462492227,0.408071756,2423761000.0,55.219999999998315,86.969795,76.38823,2948416.2,33375800.0,-9.914900978339483,-9.861058090156062
m11h_r7100,408,9.24786741,4.488348612,0.411236048,2417712600.0,55.32999999999829,87.45609,69.776665,4259056.0,34727484.0,-9.754091330612813,-9.842731361131898
m11h_r7100,407,9.222003494,4.514212528,0.414414406,2411086600.0,55.20999999999832,87.488174,169.00954,4119614.0,35925656.0,-9.767356282579991,-9.826808100886154
m11h_r7100,406,9.196128295,4.540087728,0.417607307,2403564800.0,54.13999999999836,86.89069,85.586555,4576238.5,36390664.0,-9.720347184665181,-9.819865855196461
m11h_r7100,405,9.170245807,4.565970215,0.420814395,2395600000.0,54.03999999999838,86.34799,106.87161,3546803.5,35409772.0,-9.829577152850797,-9.830291150819116
m11h_r7100,404,9.144352279,4.591863743,0.424036264,2388553700.0,53.61999999999829,85.98736,123.96265,4131378.2,34436396.0,-9.762040055922974,-9.841117321399045
m11h_r7100,403,9.118449771,4.617766251,0.427272797,2380676600.0,52.749999999998295,85.86482,114.14372,4905166.5,30451284.0,-9.686046651114719,-9.893094794996735
m11h_r7100,402,9.092539378,4.643676645,0.430523872,2373007600.0,52.389999999998366,86.14252,62.69689,4993017.5,26651954.0,-9.676936043842824,-9.949570077031773
m11h_r7100,401,9.066619284,4.669596738,0.433790088,2365090800.0,52.32999999999838,86.16301,71.4383,3742283.0,22431772.0,-9.800711194913825,-10.022984239589032
m11h_r7100,400,9.040692527,4.695523495,0.437070847,2359691800.0,52.189999999998406,85.75973,88.80324,2645283.5,21527442.0,-9.950383055913692,-10.039862851121292
m11h_r7100,399,9.014755353,4.72146067,0.440366983,2355971000.0,52.06999999999843,84.85717,96.876396,1972279.4,25460100.0,-10.077201520490267,-9.96630984851879
m11h_r7100,398,8.9888108,4.747405222,0.443678141,2352084000.0,50.77999999999835,83.623024,116.90064,2411753.5,25140830.0,-9.989119904279473,-9.971073210340116
m11h_r7100,397,8.962857056,4.773358967,0.447004676,2348561200.0,50.34999999999844,83.22266,68.442154,1790976.9,24642914.0,-10.117711894559138,-9.979109811438423
m11h_r7100,396,8.936895221,4.799320802,0.450346589,2344508000.0,50.32999999999844,83.47495,94.04568,4342798.0,26962254.0,-9.732282072057899,-9.939295505523106
m11h_r7100,395,8.91092737,4.825288652,0.453703642,2336769300.0,50.42999999999842,84.32498,88.00443,2362751.8,29174272.0,-9.99519774110994,-9.903615806925124
m11h_r7100,394,8.884949747,4.851266275,0.457076669,2333916700.0,50.07999999999849,85.25141,94.701965,1566456.2,46141160.0,-10.173167076484463,-9.703996837746686
m11h_r7100,393,8.858966375,4.877249648,0.460465074,2330421200.0,49.94999999999852,85.66615,92.2971,2476836.0,55891944.0,-9.973537180012496,-9.62008521614099
m11h_r7100,392,8.832973494,4.903242528,0.463869452,2324981200.0,49.61999999999841,85.926636,79.03021,6357975.5,59269710.0,-9.563100604403889,-9.593586637518207
m11h_r7100,391,8.80697416,4.929241863,0.467289686,2313666800.0,49.459999999998445,85.89525,85.74968,8361824.0,59437976.0,-9.441999795450524,-9.590236805437016
m11h_r7100,390,8.780966559,4.955249463,0.470726013,2292889300.0,49.46999999999844,85.652954,73.35743,6550053.5,50194744.0,-9.544138248696113,-9.659724852351136
m11h_r7100,389,8.754951803,4.98126422,0.474178553,2281102600.0,49.6799999999984,85.401985,61.16382,4831279.0,48968320.0,-9.674082699852935,-9.668229613453915
m11h_r7100,388,8.728931975,5.007284047,0.477647066,2272767700.0,49.759999999998385,85.470345,65.85536,5830446.0,54541030.0,-9.59085327969456,-9.61983170588191
m11h_r7100,387,8.70290332,5.033312703,0.48113215,2260008000.0,49.72999999999839,85.69202,63.39493,5919959.0,55317788.0,-9.581791265241943,-9.611245158580445
m11h_r7100,386,8.676868897,5.059347126,0.484633565,2248921000.0,49.39999999999846,86.50783,80.69819,4015875.5,58909464.0,-9.748193976452855,-9.581789145584242
m11h_r7100,385,8.650826898,5.085389125,0.488151789,2237281300.0,48.88999999999856,87.481255,144.87224,9629334.0,51648260.0,-9.366124338011518,-9.636664893805849
m11h_r7100,384,8.624780388,5.111435634,0.491686344,2223899400.0,45.769999999998674,87.474846,77.23424,6192731.0,40752424.0,-9.555232920583057,-9.73696168993968
m11h_r7100,383,8.59872561,5.137490412,0.495238066,2208864000.0,45.85999999999866,86.61985,57.61697,6722029.5,29510748.0,-9.516668563072342,-9.87418875956516
m11h_r7100,382,8.572666607,5.163549415,0.498806477,2195524900.0,45.969999999998635,85.39601,78.01165,2441303.2,23816838.0,-9.953916630507468,-9.96465425714824
m11h_r7100,381,8.546599622,5.189616401,0.502392292,2191438800.0,45.64999999999853,85.283905,69.57436,1773395.0,27431524.0,-10.091923876533064,-9.902479420026905
m11h_r7100,380,8.520525773,5.21569025,0.505995393,2189724700.0,45.359999999998585,86.12376,81.916374,2778525.5,41451390.0,-9.896575124777295,-9.722850392275285
m11h_r7100,379,8.49444911,5.241766912,0.509615421,2185743000.0,44.99999999999866,87.60875,112.99171,3956458.0,55913284.0,-9.74229255705661,-9.592084116091549
m11h_r7100,378,8.468364901,5.267851122,0.513253093,2178355500.0,44.03999999999868,89.57414,148.11314,3998550.5,61328156.0,-9.736226162428872,-9.550468841148728
m11h_r7100,377,8.442277197,5.293938825,0.51690805,2169953000.0,42.77999999999876,90.87175,74.00694,6844044.0,65392336.0,-9.501137539237353,-9.520923480299386
m11h_r7100,376,8.416182241,5.320033781,0.520581126,2153089500.0,42.849999999998744,91.046906,74.75752,9421807.0,57765224.0,-9.358927886554616,-9.57139562851509
m11h_r7100,375,8.390083113,5.346132909,0.524271846,2134492300.0,42.91999999999873,90.51189,75.505325,6841581.0,45901336.0,-9.494138116921134,-9.667469263764826
m11h_r7100,374,8.36397801,5.372238013,0.527980566,2121936400.0,43.049999999998704,89.48114,79.60761,5505385.0,40201164.0,-9.585944664293217,-9.722493731544493
m11h_r7100,373,8.337868058,5.398347964,0.531707406,2109086200.0,42.989999999998716,88.48842,78.59506,5538577.0,32787022.0,-9.580696133840538,-9.808392359612451
m11h_r7100,372,8.311755367,5.424460656,0.535452247,2101075700.0,42.949999999998724,87.49157,91.22696,4156275.0,36400420.0,-9.703737427498204,-9.76133530772484
m11h_r7100,371,8.285636178,5.450579844,0.539215684,2094097200.0,42.489999999998645,86.88097,90.381096,5225356.0,43077932.0,-9.602880942165497,-9.686741979770913
m11h_r7100,370,8.25951358,5.476702442,0.542997599,2087420500.0,42.2199999999987,86.81423,79.65165,2917410.2,41821948.0,-9.854612448929359,-9.698205695695924
m11h_r7100,369,8.233385772,5.502830251,0.54679811,2081755100.0,42.01999999999874,86.96741,83.9033,5067141.5,47532624.0,-9.61366661266111,-9.641437854969258
m11h_r7100,368,8.207255843,5.528960179,0.550617218,2069505900.0,42.00999999999874,86.866196,87.96867,6364429.0,42824936.0,-9.512107227108132,-9.68416995047148
m11h_r7100,367,8.181120039,5.555095983,0.5544554,2055781200.0,41.34999999999871,86.67646,105.48398,2950802.8,37839280.0,-9.843036720756727,-9.735034036164139
m11h_r7100,366,8.154980474,5.581235549,0.558312774,2051849100.0,40.69999999999867,87.02861,81.72367,7975103.0,39747400.0,-9.410409114810019,-9.712836690192482
m11h_r7100,365,8.128839263,5.607376759,0.562188983,2039827500.0,40.71999999999866,87.56015,63.505947,4422682.0,33993690.0,-9.663907719255748,-9.778195149010626
m11h_r7100,364,8.102692654,5.633523369,0.566084862,2032303000.0,40.63999999999868,87.7225,74.42695,5370199.0,33434740.0,-9.5779980737498,-9.783790502791716
m11h_r7100,363,8.076543741,5.659672281,0.569999933,2023064300.0,40.559999999998695,87.59041,73.96195,3494893.0,32161956.0,-9.762575806787337,-9.798667237216
m11h_r7100,362,8.050390731,5.685825291,0.573934913,2017420500.0,40.38999999999873,87.08406,85.10154,3882654.5,33532386.0,-9.715667692717618,-9.779331982274066
m11h_r7100,361,8.024236722,5.711979301,0.577889323,2010890200.0,40.22999999999876,86.27749,87.276,3253219.0,32898880.0,-9.791075066163462,-9.786207253033773
m11h_r7100,360,7.998077962,5.738138061,0.581863999,2003291500.0,39.93999999999882,85.6835,76.077225,4227859.0,32971268.0,-9.675623657582841,-9.783608503203448
m11h_r7100,359,7.971916573,5.764299449,0.585858703,1995845000.0,39.909999999998654,85.34249,69.15606,3853522.5,29595308.0,-9.714268909534118,-9.828903944570145
m11h_r7100,358,7.945753701,5.790462321,0.589873433,1989448700.0,39.83999999999867,85.071976,69.64671,3168427.0,30114256.0,-9.797889040257765,-9.819960607765747
m11h_r7100,357,7.919587554,5.816628468,0.593908787,1982686500.0,39.6799999999987,85.01162,73.572655,5355613.0,28869496.0,-9.568444854549659,-9.836814839539171
m11h_r7100,356,7.893421238,5.842794784,0.597964287,1976181100.0,39.57999999999872,85.22448,72.00845,2653713.8,31020916.0,-9.871972671116659,-9.804172128108513
m11h_r7100,355,7.867251003,5.868965019,0.602040887,1972279900.0,39.45999999999874,85.77279,79.23019,3558466.5,36296764.0,-9.743705675004797,-9.735100648973889
m11h_r7100,354,7.841080937,5.895135086,0.606137991,1964878500.0,39.40999999999875,86.21612,82.8777,2611484.8,42032810.0,-9.876448198522512,-9.669747288601766
m11h_r7100,353,7.814907291,5.921308731,0.610256314,1959866900.0,39.32999999999877,86.442345,74.792206,4487178.5,55742890.0,-9.640253227667595,-9.546037108329376
m11h_r7100,352,7.788733177,5.947482845,0.614395738,1951286900.0,39.32999999999877,86.388985,84.89894,5282652.0,60441544.0,-9.567469129542266,-9.50898558157644
m11h_r7100,351,7.762556806,5.973659216,0.618556738,1941855000.0,39.399999999998755,86.39153,145.25235,6225974.0,58643620.0,-9.494009489555477,-9.519996021333208
m11h_r7100,350,7.736379333,5.999836689,0.622739196,1926758100.0,37.23999999999904,85.915565,79.09853,10680622.0,55401348.0,-9.256230658196502,-9.54130687142339
m11h_r7100,349,7.710202891,6.026013132,0.626942873,1908767700.0,37.20999999999905,85.18965,84.8505,5462087.0,46330148.0,-9.54339447401474,-9.61488939976282
m11h_r7100,348,7.684023735,6.052192287,0.631168842,1895606500.0,37.14999999999906,84.11585,84.53543,4647729.5,37610236.0,-9.610507351654027,-9.702442137052744
m11h_r7100,347,7.657844982,6.078371041,0.635416627,1887982100.0,37.08999999999907,83.12131,83.37101,6545036.5,33955384.0,-9.460085794982234,-9.745089221576928
m11h_r7100,346,7.631664848,6.104551174,0.639686823,1875775600.0,37.079999999999075,82.17875,73.19605,4993584.5,25362720.0,-9.574768482701868,-9.868985058790075
m11h_r7100,345,7.605486452,6.130729571,0.643978953,1866916100.0,36.9399999999991,81.517525,115.20759,2600527.0,19844094.0,-9.856063432877754,-9.97349352448948
m11h_r7100,344,7.579306052,6.15690997,0.648293972,1863062500.0,35.99999999999942,81.32088,96.73255,2162652.0,19438932.0,-9.935240789711425,-9.981555030361239
m11h_r7100,343,7.553125789,6.183090234,0.65263164,1858942700.0,35.689999999999614,81.27312,72.04176,2280733.0,18448960.0,-9.911191561541228,-10.003294118720294
m11h_r7100,342,7.526947802,6.20926822,0.656991959,1855311700.0,35.66999999999962,81.13223,84.68982,1934001.1,17564404.0,-9.981960171266184,-10.023783475857554
m11h_r7100,341,7.500768355,6.235447667,0.661375642,1852434600.0,35.55999999999964,80.69509,78.782425,1829632.8,20325962.0,-10.005378949386927,-9.959691765508481
m11h_r7100,340,7.474590569,6.261625453,0.665782452,1848925000.0,35.61999999999963,80.108345,66.34456,2251362.5,21806082.0,-9.914473879948101,-9.928341667018502
m11h_r7100,339,7.448412669,6.287803353,0.670212865,1846075800.0,35.439999999999664,79.580124,82.60592,1823662.6,24149316.0,-10.005305026011559,-9.883344689172572
m11h_r7100,338,7.422237778,6.313978244,0.674666524,1843784000.0,35.16999999999972,79.59937,78.228714,3060663.5,28684362.0,-9.779894442483473,-9.808064832146815
m11h_r7100,337,7.396062163,6.340153859,0.679144382,1837891600.0,34.91999999999977,80.35202,65.279945,4006681.5,37334252.0,-9.66153506829048,-9.692212434498156
m11h_r7100,336,7.36988797,6.366328053,0.683646202,1833669900.0,34.749999999999936,81.9426,72.18919,3736651.5,55730664.0,-9.690838558061317,-9.517226935720318
m11h_r7100,335,7.343716365,6.392499657,0.688172102,1828534800.0,34.699999999999946,83.808365,74.0531,3767089.8,66397490.0,-9.68609725899772,-9.439951577163582
m11h_r7100,334,7.317545578,6.418670444,0.692722559,1821837600.0,34.58999999999997,85.37117,94.39916,4675230.0,75737510.0,-9.59070667234862,-9.38119861907606
m11h_r7100,333,7.291378737,6.444837285,0.697297215,1802928500.0,34.89999999999977,85.96047,59.17413,10306677.0,64498284.0,-9.242859840889095,-9.446430346605268
m11h_r7100,332,7.265212114,6.471003908,0.701897025,1781993100.0,34.91999999999977,85.549736,73.97761,10134272.0,50746264.0,-9.245113458751879,-9.545501940672896
m11h_r7100,331,7.239049817,6.497166205,0.706521511,1766900900.0,34.47999999999999,84.548294,74.88327,8014712.0,41089984.0,-9.343324262040143,-9.633476210956315
m11h_r7100,330,7.212887142,6.52332888,0.711171746,1751191300.0,33.9200000000001,83.72462,80.09479,3919831.0,29566960.0,-9.650066246771228,-9.772526916216021
m11h_r7100,329,7.186728199,6.549487823,0.715847254,1743349200.0,33.65000000000029,83.12458,92.08887,3858609.8,27059492.0,-9.654953541397807,-9.809064759615488
m11h_r7100,328,7.160574161,6.575641861,0.720547915,1736622100.0,33.39000000000034,82.12003,87.76543,3231326.8,24583428.0,-9.730324442629081,-9.849062876159453
m11h_r7100,327,7.134421306,6.601794716,0.725274801,1730980100.0,33.14000000000039,81.16871,96.989174,2195426.5,23721252.0,-9.89677317201328,-9.863154466868082
m11h_r7100,326,7.108273746,6.627942277,0.730027437,1726945800.0,32.86000000000045,80.538734,90.433365,3633212.2,28977812.0,-9.676987935668597,-9.775213114971908
m11h_r7100,325,7.082127761,6.654088261,0.734806657,1721704700.0,32.54000000000064,80.38702,71.1571,2588279.5,35128436.0,-9.82294749344022,-9.69029985161915
m11h_r7100,324,7.055986486,6.680229537,0.739612103,1717592200.0,32.50000000000065,81.02654,98.25497,2681598.2,42743030.0,-9.806526343642506,-9.604054731340211
m11h_r7100,323,7.029848161,6.706367861,0.744444489,1713517800.0,32.2200000000007,81.91327,57.21739,5308677.0,53534012.0,-9.508902324292361,-9.50525883437862
m11h_r7100,322,7.003715922,6.732500101,0.74930346,1703205100.0,32.310000000000684,82.59849,65.90881,5710295.0,52440096.0,-9.474608409016758,-9.511603475899193
m11h_r7100,321,6.977586054,6.758629968,0.754189849,1691649800.0,32.260000000000694,81.986984,69.1039,6817471.0,48474570.0,-9.394687160455842,-9.542796512298148
m11h_r7100,320,6.951460717,6.784755305,0.759103775,1680730500.0,32.18000000000071,81.02691,77.98061,9410203.0,44688590.0,-9.251899087923274,-9.575301408601883
m11h_r7100,319,6.925341089,6.810874933,0.764045,1664495500.0,31.910000000000736,81.037285,85.60811,3763491.5,35258250.0,-9.645691682739152,-9.674021894049483
m11h_r7100,318,6.899225418,6.836990605,0.769014239,1655179600.0,32.03000000000074,80.9605,71.41753,3390811.8,37058868.0,-9.688541458203401,-9.649952988400525
m11h_r7100,317,6.87311684,6.863099183,0.774011254,1648303400.0,32.150000000000716,80.192955,67.788445,4140450.2,36145030.0,-9.599989573220183,-9.658988530346623
m11h_r7100,316,6.84701165,6.889204373,0.77903688,1641445200.0,32.410000000000664,79.21703,66.41434,4093064.5,34284304.0,-9.603177812523143,-9.68013106364259
m11h_r7100,315,6.820913962,6.91530206,0.784090638,1634446200.0,32.710000000000605,78.47597,79.20936,5887509.0,33118804.0,-9.443439047862942,-9.69329598691566
m11h_r7100,314,6.794820075,6.941395947,0.789173722,1622551700.0,32.38000000000067,78.5503,93.74911,3346918.8,35620090.0,-9.685553368907842,-9.65850355037469
m11h_r7100,313,6.76873215,6.967483872,0.794285774,1617588600.0,32.09000000000073,79.77574,91.18667,2331465.2,40232304.0,-9.841239132932618,-9.604293175498078
m11h_r7100,312,6.742651372,6.993564651,0.799426913,1612448900.0,31.700000000000834,80.94105,80.05881,3103981.5,44481504.0,-9.715566835092472,-9.559306496150226
m11h_r7100,311,6.716575996,7.019640026,0.804597855,1607511400.0,31.400000000000787,80.82115,93.31424,6952239.0,45287190.0,-9.364029374361868,-9.55017867458188
m11h_r7100,310,6.690509161,7.045706861,0.809798121,1591592600.0,31.210000000000758,79.855705,87.70825,4600914.0,41974044.0,-9.53898778917292,-9.578851091267826
m11h_r7100,309,6.664447175,7.071768848,0.815028906,1582796000.0,30.890000000000708,79.88098,79.472855,5698828.0,43930970.0,-9.44363940338817,-9.556654179975183
m11h_r7100,308,6.638393174,7.097822848,0.82028985,1573438700.0,30.830000000000833,80.64551,75.87182,2808534.8,49732584.0,-9.748370031538593,-9.500208808467299
m11h_r7100,307,6.612345423,7.1238706,0.825581431,1566454800.0,30.660000000000807,81.64138,71.14059,5793972.0,49650252.0,-9.431941471312577,-9.498996406310146
m11h_r7100,306,6.586305108,7.149910914,0.830904007,1553818800.0,30.790000000000827,81.99513,80.3772,4949940.0,42301670.0,-9.496800423627441,-9.56504282487869
m11h_r7100,305,6.560274394,7.175941629,0.836257219,1543629600.0,31.010000000000726,80.89497,76.40297,7720481.0,37679690.0,-9.300898730312426,-9.612435790789714
m11h_r7100,304,6.534249596,7.201966426,0.841642261,1527152100.0,30.890000000000708,79.19867,96.44001,3900277.5,23878084.0,-9.592786794016932,-9.805882826010645
m11h_r7100,303,6.508234829,7.227981194,0.847058654,1521584900.0,30.320000000000753,77.74079,68.90904,3299511.0,21487890.0,-9.663846608030745,-9.8501024164878
m11h_r7100,302,6.482226412,7.25398961,0.852507353,1515843000.0,30.540000000000788,76.95341,81.39818,2639325.0,19282374.0,-9.75916133504628,-9.895493704353626
m11h_r7100,301,6.456227484,7.279988538,0.857988119,1510699800.0,30.710000000000814,76.75426,88.06815,1750527.4,20401296.0,-9.93600925810049,-9.869520407791999
m11h_r7100,300,6.430236318,7.305979704,0.863501549,1508340600.0,30.470000000000777,76.96889,78.688545,2368787.0,27269164.0,-9.803973412449704,-9.742827599578959
m11h_r7100,299,6.404254106,7.331961916,0.869047761,1505300500.0,30.450000000000774,77.24045,84.42648,2309321.5,32527652.0,-9.814138801215426,-9.665370485135872
m11h_r7100,298,6.378283012,7.357933011,0.874626756,1502014700.0,30.080000000000716,77.47297,66.29001,3238338.5,37420950.0,-9.66635194572907,-9.60355935696528
m11h_r7100,297,6.352319367,7.383896655,0.880239606,1494819600.0,29.9700000000007,78.317345,74.68893,4693724.0,35920744.0,-9.503071230351551,-9.61924345570278
m11h_r7100,296,6.32636631,7.409849712,0.885885835,1486117400.0,29.730000000000793,79.020035,74.9756,4690978.5,32284808.0,-9.500789669608467,-9.663054904103234
m11h_r7100,295,6.30042212,7.435793902,0.891566396,1478000500.0,29.52000000000076,79.24009,74.96405,4381772.5,30946196.0,-9.528024759102605,-9.679067312658635
m11h_r7100,294,6.274489933,7.461726089,0.897280812,1469201800.0,29.51000000000076,78.76256,80.16118,2864036.5,32945986.0,-9.7101029009579,-9.649278939842018
m11h_r7100,293,6.24856609,7.487649932,0.903030276,1464229100.0,29.440000000000747,78.1566,74.46868,3410986.5,39287744.0,-9.632729039116933,-9.571351948419128
m11h_r7100,292,6.222654698,7.513561325,0.908814311,1459358000.0,29.34000000000073,77.46823,102.02633,3580941.5,38673212.0,-9.610164602688837,-9.576751585054483
m11h_r7100,291,6.196751132,7.539464891,0.914634228,1451969400.0,28.95000000000067,76.74599,73.3088,6548904.0,34458160.0,-9.345788841995374,-9.62466538293905
m11h_r7100,290,6.170859498,7.565356524,0.92048955,1441639300.0,29.34000000000073,76.32561,67.83488,6884604.0,32211664.0,-9.320977646888343,-9.650843451417398
m11h_r7100,289,6.144980992,7.591235031,0.926380277,1429712000.0,29.540000000000763,76.62703,71.81404,2530305.5,29813026.0,-9.752075602857106,-9.680842503517571
m11h_r7100,288,6.119111965,7.617104057,0.932307839,1425670100.0,29.65000000000078,77.5942,86.558,2292939.2,36027540.0,-9.793626506300361,-9.597384445789688
m11h_r7100,287,6.093256521,7.642959501,0.938271403,1422767500.0,29.480000000000754,78.50794,95.62832,3836527.0,40817716.0,-9.56919567351523,-9.542285232823518
m11h_r7100,286,6.067411017,7.668805006,0.944272399,1414677500.0,28.65000000000076,78.588806,79.37003,5201467.5,39114156.0,-9.434531558237929,-9.558323483960331
m11h_r7100,285,6.041578585,7.694637437,0.950310469,1405293700.0,28.47000000000073,77.67384,79.669235,5044500.5,31929780.0,-9.44494892864841,-9.643571171856188
m11h_r7100,284,6.015757524,7.720458498,0.956386328,1394066300.0,27.520000000000714,76.01084,78.882576,4378823.0,22571808.0,-9.502926039413135,-9.790717082562173
m11h_r7100,283,5.989949033,7.746266989,0.962500215,1386575100.0,27.05000000000064,74.755356,76.16282,3480942.5,15491528.0,-9.600246548717813,-9.951849141845841
m11h_r7100,282,5.964155274,7.772060749,0.968651891,1380355300.0,26.870000000000744,73.91778,78.1423,1412896.8,11873724.0,-9.989880469763936,-10.065403946208258
m11h_r7100,281,5.938372618,7.797843404,0.974842787,1378288500.0,26.99000000000063,74.076485,75.59566,1337064.8,13657454.0,-10.013187696995033,-10.003970389902532
m11h_r7100,280,5.912604196,7.823611826,0.981072545,1376751700.0,26.97000000000076,75.7191,78.92086,505913.56,24206910.0,-10.434779313191447,-9.754916279790624
m11h_r7100,279,5.886848313,7.849367709,0.987341881,1376993200.0,26.71000000000072,77.810715,145.10916,1205330.5,31384156.0,-10.057825634246457,-9.642221326591155
m11h_r7100,278,5.861108097,7.875107926,0.993650675,1374183700.0,25.60000000000068,78.92493,89.44641,2657000.0,32573166.0,-9.713653232082466,-9.625184813942422
m11h_r7100,277,5.835379928,7.900836094,1.0,1371622100.0,25.650000000000688,77.436455,72.63758,8488231.0,39360704.0,-9.208417297908392,-9.542171630359483
m11h_r7100,276,5.809748242,7.92646778,1.006369352,1359059200.0,26.100000000000623,74.20522,69.497826,4747680.0,30735766.0,-9.456756935576033,-9.645594333689829
m11h_r7100,275,5.784130914,7.952085108,1.012779474,1351893500.0,26.290000000000653,73.14754,100.35267,2549473.5,44203910.0,-9.724491979077444,-9.48548177555844
m11h_r7100,274,5.758528179,7.977687843,1.019230843,1348043900.0,25.750000000000703,73.98628,67.85409,2955409.0,47530010.0,-9.659086445295085,-9.452736149431333
m11h_r7100,273,5.732940274,8.003275748,1.025723457,1338257500.0,25.560000000000674,76.08804,90.350624,2705164.5,46526036.0,-9.69434601813885,-9.458843645272694
m11h_r7100,272,5.707367437,8.028848585,1.032258034,1336286000.0,25.330000000000638,78.3714,85.72547,7062661.5,67202420.0,-9.276931010978332,-9.298514516121841
m11h_r7100,271,5.681809906,8.054406117,1.038835049,1313857900.0,25.650000000000688,79.9918,108.43331,3679280.5,62155296.0,-9.552785504634963,-9.325070264333618
m11h_r7100,270,5.656267919,8.079948103,1.045454502,1306183700.0,25.300000000000633,79.74766,84.37,4968501.0,66185210.0,-9.419778871637778,-9.295243315150401
m11h_r7100,269,5.630741717,8.105474305,1.052117348,1299365200.0,25.580000000000677,80.361916,94.27099,11464341.0,70836510.0,-9.054382151807213,-9.263474078897513
m11h_r7100,268,5.605231539,8.130984483,1.058823586,1274754000.0,26.220000000000642,81.756424,80.64344,7888816.5,55299340.0,-9.208414545599306,-9.362706451737818
m11h_r7100,267,5.579738106,8.156477917,1.065573692,1257462900.0,26.550000000000693,83.05833,86.50197,6394417.0,46158790.0,-9.293694230135822,-9.435240750120998
m11h_r7100,266,5.5542607,8.181955322,1.072368383,1244977900.0,26.34000000000066,81.767296,74.63309,5201433.0,36746380.0,-9.379038640492857,-9.529947087347528
m11h_r7100,265,5.528800044,8.207415978,1.079207897,1233358100.0,26.550000000000693,79.554375,64.66219,5027691.5,26778288.0,-9.389720561871336,-9.663306375241463
m11h_r7100,264,5.50335638,8.232859642,1.086092472,1224917100.0,26.700000000000717,77.830696,69.12319,4382165.0,23068724.0,-9.446417978724428,-9.72508313152173
m11h_r7100,263,5.477929951,8.258286071,1.093023062,1216169600.0,27.070000000000643,75.62653,72.77301,2288130.2,16737403.0,-9.72551340067075,-9.861306070248688
m11h_r7100,262,5.452521003,8.28369502,1.099999905,1213419100.0,27.450000000000703,72.88936,81.143524,1295045.1,16347969.0,-9.971725938234128,-9.870547034117028
m11h_r7100,261,5.427129779,8.309086244,1.107023239,1211913700.0,27.800000000000757,71.02142,61.452606,3316193.0,18828012.0,-9.56283190675538,-9.808667238557959
m11h_r7100,260,5.401756525,8.334459498,1.114093781,1207195400.0,28.14000000000068,70.65559,65.32048,1635287.1,23584494.0,-9.868183551561767,-9.709151006028518
m11h_r7100,259,5.376401487,8.359814536,1.121212006,1204912800.0,28.54000000000074,71.28382,71.819496,1294903.8,28089734.0,-9.968718117882732,-9.632407979852943
m11h_r7100,258,5.351064911,8.385151111,1.128378153,1203290000.0,27.380000000000692,72.11811,92.70955,1994085.1,39617576.0,-9.780626607856531,-9.482482401993414
m11h_r7100,257,5.325747046,8.410468976,1.135593176,1199619000.0,27.31000000000068,73.29898,45.894398,4691518.0,43942440.0,-9.407729928454176,-9.436159146977547
m11h_r7100,256,5.300448139,8.435767883,1.142857075,1190201000.0,27.600000000000726,74.68171,67.905235,2507362.5,36566264.0,-9.676403169937736,-9.512539705782165
m11h_r7100,255,5.275168438,8.461047584,1.150170565,1183934600.0,27.740000000000748,74.305534,60.87814,9257959.0,33909924.0,-9.106812456763484,-9.543000893463907
m11h_r7100,254,5.249908193,8.486307829,1.157534122,1170046200.0,27.95000000000078,72.17556,43.1763,6535194.0,22391444.0,-9.252944529117723,-9.718120911777707
m11h_r7100,253,5.224667654,8.511548369,1.164948225,1161694300.0,27.95000000000078,70.37831,70.47278,1809475.0,16981228.0,-9.80753928469734,-9.835122778787147
m11h_r7100,252,5.19944707,8.536768953,1.172413588,1159891800.0,27.790000000000756,70.19351,72.652824,2685147.2,22764246.0,-9.63544938628648,-9.707164222992255
m11h_r7100,251,5.174246692,8.56196933,1.179930687,1156308500.0,27.37000000000069,71.385826,63.806404,1823039.0,34338610.0,-9.802277751081663,-9.527291024646876
m11h_r7100,250,5.149066772,8.58714925,1.187499762,1154310800.0,27.400000000000695,73.00589,73.58844,1508044.0,35560332.0,-9.883908739946879,-9.511356946020921
m11h_r7100,249,5.123907563,8.61230846,1.195121765,1152373500.0,27.11000000000065,73.87972,56.48698,4454432.5,35605150.0,-9.412800881924175,-9.51008042005511
m11h_r7100,248,5.098769316,8.637446706,1.202796936,1146093700.0,26.420000000000673,73.14436,63.455597,10034045.0,35011876.0,-9.057744079342607,-9.515004742056174
m11h_r7100,247,5.073652756,8.662563266,1.21052599,1129444100.0,26.560000000000695,71.6491,56.440716,2743318.5,32451848.0,-9.614588507315284,-9.541625306415838
m11h_r7100,246,5.048557194,8.687658828,1.218309641,1126425700.0,26.33000000000066,71.67927,71.08396,1852964.1,52871070.0,-9.783835550284822,-9.328484445230048
m11h_r7100,245,5.023481474,8.712734548,1.226148605,1125078500.0,25.960000000000736,72.62126,52.391827,2912393.5,73077040.0,-9.58693278319806,-9.18740188844973
m11h_r7100,244,4.998429616,8.737786406,1.234042883,1120273200.0,26.04000000000075,73.54755,71.89396,6308669.5,87438530.0,-9.249386151891537,-9.107621090183477
m11h_r7100,243,4.973399993,8.76281603,1.241993189,1107264800.0,26.560000000000695,73.69583,78.2736,8143313.0,97004650.0,-9.13345035349216,-9.057458937256957
m11h_r7100,242,4.948392859,8.787823163,1.250000238,1083879600.0,26.73000000000072,73.98686,63.058327,12479665.0,94412270.0,-8.938778095708816,-9.059952574243
m11h_r7100,241,4.923408472,8.81280755,1.258064747,1062063600.0,27.020000000000767,76.2912,50.230892,14227327.0,103462350.0,-8.873027217682719,-9.011368184144192
m11h_r7100,240,4.898447088,8.837768934,1.266187429,1041839000.0,27.470000000000706,79.07155,92.9247,5264992.0,106326130.0,-9.296402885067923,-8.99116060190836
m11h_r7100,239,4.873509434,8.862706589,1.274368286,1019253500.0,27.75000000000075,80.578285,74.471886,9896026.0,108638300.0,-9.012821385496766,-8.972299236120161
m11h_r7100,238,4.84859483,8.887621193,1.282608747,999251800.0,28.050000000000665,81.33204,68.90643,17213948.0,101013710.0,-8.763794442105189,-8.995294598185849
m11h_r7100,237,4.823704003,8.912512019,1.29090929,967201900.0,28.670000000000762,81.560524,85.10787,8916880.0,76603340.0,-9.035304227864662,-9.101269421477435
m11h_r7100,236,4.798837213,8.937378809,1.299270153,944541100.0,29.21000000000071,82.194374,79.75912,13489389.0,57481892.0,-8.845228590595685,-9.215689815029037
m11h_r7100,235,4.77399472,8.962221303,1.307692528,917281150.0,30.150000000000727,80.67911,77.42553,7478793.0,32750634.0,-9.088670956982167,-9.44728275819788
m11h_r7100,234,4.749176782,8.98703924,1.316176653,904286140.0,30.510000000000783,78.282166,59.345078,4302251.0,21616406.0,-9.322610132174049,-9.621522387691861
m11h_r7100,233,4.724383662,9.011832361,1.324723482,896220350.0,30.580000000000794,75.739044,71.24974,2628623.5,15637405.0,-9.532686415763198,-9.758250117658807
m11h_r7100,232,4.699615619,9.036600404,1.333333492,892395500.0,30.87000000000084,72.587074,77.24015,1695110.0,14900813.0,-9.72135949544679,-9.77734741686907
m11h_r7100,231,4.674872915,9.061343107,1.342007637,890196740.0,31.190000000000754,70.0609,76.19923,2012150.4,19658120.0,-9.645825563628252,-9.65594401573863
m11h_r7100,230,4.650155813,9.086060209,1.350746393,888413950.0,31.090000000000874,68.91131,104.06777,1561920.4,32372684.0,-9.754956480014513,-9.438436662267481
m11h_r7100,229,4.625464575,9.110751447,1.359550714,886742400.0,29.810000000000805,68.97018,85.58025,2139781.5,51435490.0,-9.617428046552698,-9.236534610345622
m11h_r7100,228,4.600799464,9.135416559,1.368421078,884110460.0,29.990000000000833,70.2706,72.90123,2852035.8,75501896.0,-9.491351565692229,-9.0685486729983
m11h_r7100,227,4.576160742,9.16005528,1.377358675,878558850.0,30.440000000000772,73.039085,61.465424,8025584.5,86716080.0,-9.039294185185868,-9.005671219544155
m11h_r7100,226,4.551548675,9.184667347,1.386363745,864124160.0,30.82000000000083,76.539955,83.81283,5784132.0,80825060.0,-9.174337952262379,-9.029030133534052
m11h_r7100,225,4.526963527,9.209252496,1.395437479,849107840.0,31.260000000000765,78.652855,64.26492,21448188.0,75386950.0,-8.597572243119167,-9.051666666302753
m11h_r7100,224,4.502405561,9.233810461,1.404580355,817157700.0,32.17000000000071,78.575836,57.694916,13171599.0,55208090.0,-8.79266737479868,-9.170303168601404
m11h_r7100,223,4.477875045,9.258340978,1.413793325,797762500.0,32.65000000000062,76.9628,81.28232,2734955.0,49384150.0,-9.46492343062737,-9.208286014944331
m11h_r7100,222,4.453372242,9.28284378,1.423077106,789831900.0,32.17000000000071,75.49598,85.74817,4305016.0,58530610.0,-9.263559884903048,-9.130151619322028
m11h_r7100,221,4.42889742,9.307318603,1.432432652,781358460.0,32.21000000000084,75.22817,77.64189,7393205.5,65071650.0,-9.024017543048153,-9.079458515187623
m11h_r7100,220,4.404450844,9.331765178,1.441860676,768637700.0,32.28000000000069,75.783134,78.387474,5935081.0,61679890.0,-9.11229502914937,-9.095578103146217
m11h_r7100,219,4.380033241,9.356182781,1.451361895,756057700.0,32.710000000000605,76.39128,71.287895,9894880.0,58255556.0,-8.883144425194926,-9.113217605282122
m11h_r7100,218,4.35564396,9.380572062,1.4609375,738180900.0,33.330000000000354,75.70914,80.97221,6620445.0,46081556.0,-9.047275638392211,-9.204635685215838
m11h_r7100,217,4.331283729,9.404932294,1.470588207,724142900.0,33.70000000000028,75.40294,59.721954,9507604.0,37913490.0,-8.881753199420107,-9.281030543220629
m11h_r7100,216,4.306952815,9.429263208,1.48031497,712632600.0,34.33000000000002,75.81562,65.10186,5848886.5,30562416.0,-9.085792477237623,-9.36767798820092
m11h_r7100,215,4.282651487,9.453564536,1.490118504,702443300.0,34.81999999999992,76.47696,56.437363,2862609.0,24643532.0,-9.38984925944878,-9.454908339202003
m11h_r7100,214,4.258380014,9.477836008,1.5,696881500.0,34.98999999999989,76.07091,63.237244,3617745.8,22484962.0,-9.284720876077476,-9.491266760139426
m11h_r7100,213,4.234138666,9.502077356,1.509960175,690645400.0,35.639999999999624,74.463295,69.95626,3190807.5,19280560.0,-9.335354504284293,-9.554135464728649
m11h_r7100,212,4.209927713,9.526288309,1.519999981,686285630.0,36.22999999999951,73.0121,53.52411,2222311.2,18002964.0,-9.48970002184584,-9.581160893603997
m11h_r7100,211,4.185747425,9.550468597,1.530120373,682258100.0,36.69999999999928,72.56613,114.87806,1889122.8,20218672.0,-9.557688530003338,-9.528196081180834
m11h_r7100,210,4.161598073,9.574617949,1.540322542,679015740.0,36.44999999999933,72.385666,58.528442,1618238.1,21534034.0,-9.622837415417358,-9.498754449743936
m11h_r7100,209,4.137479928,9.598736094,1.550607204,676290000.0,36.659999999999286,72.065834,64.67094,2611851.0,26726040.0,-9.413184557654631,-9.403198341411462
m11h_r7100,208,4.113393261,9.622822761,1.560975552,673317250.0,36.619999999999294,71.73576,67.995445,2384627.0,37868896.0,-9.450799282738162,-9.249937095469116
m11h_r7100,207,4.089338345,9.646877678,1.571428537,667456100.0,36.719999999999274,72.15738,51.250355,3369037.8,34330460.0,-9.29691684745843,-9.28874310207321
m11h_r7100,206,4.065315451,9.670900571,1.581967115,662213900.0,36.719999999999274,73.38914,76.423164,1290691.0,32446288.0,-9.71017600284227,-9.309833265815083
m11h_r7100,205,4.041324853,9.694891169,1.592592478,658940350.0,36.819999999999254,73.20592,67.70059,12385744.0,34779430.0,-8.725924004195893,-9.277523618514673
m11h_r7100,204,4.017366823,9.718849199,1.603305817,640471040.0,37.51999999999899,71.884865,61.04157,2594036.0,20928374.0,-9.392523498229048,-9.485764009389934
m11h_r7100,203,3.993441636,9.742774387,1.614107847,637816500.0,37.24999999999917,71.06324,83.96924,1807605.2,21439676.0,-9.547592164184582,-9.473477540269524
m11h_r7100,202,3.969549564,9.766666459,1.625,635022000.0,37.269999999999165,71.2269,77.79147,3051859.5,30252888.0,-9.318224246488553,-9.322021942826643
m11h_r7100,201,3.945690882,9.790525141,1.635983229,629016300.0,37.679999999998955,71.98599,69.44853,1721663.0,47390504.0,-9.562713767270575,-9.12297058601623
m11h_r7100,200,3.921866312,9.814349711,1.647058487,624696600.0,37.90999999999891,73.070915,84.37878,1823081.6,61867130.0,-9.534863011761258,-9.004209169917894
m11h_r7100,199,3.898075233,9.838140789,1.658227682,622660300.0,38.139999999998864,74.34661,68.879845,5013487.5,66966960.0,-9.094111231727135,-8.968390583830962
m11h_r7100,198,3.87431837,9.861897652,1.669491291,612472400.0,38.71999999999872,75.65496,87.44,6097398.0,60544852.0,-9.001941967434886,-9.005009289496394
m11h_r7100,197,3.850595998,9.885620025,1.680850744,591359300.0,40.159999999998604,75.980446,68.63733,9911897.0,43163196.0,-8.775694647788985,-9.136737833839712
m11h_r7100,196,3.826908392,9.909307631,1.692307472,569137900.0,41.43999999999869,75.46863,70.12308,5418425.0,23626970.0,-9.021344455958706,-9.381809492490374
m11h_r7100,195,3.803255829,9.932960193,1.703862429,560924540.0,41.519999999998674,73.79846,70.43986,3684268.2,17116024.0,-9.182553200086351,-9.515501556780585
m11h_r7100,194,3.779638587,9.956577436,1.715517044,555863800.0,42.2199999999987,72.00442,81.1896,1967013.0,14791024.0,-9.451161168090403,-9.574970156518056
m11h_r7100,193,3.756056942,9.980159081,1.727272511,551988500.0,42.67999999999861,70.87192,94.26319,1986211.2,16258232.0,-9.443904576670258,-9.530856697586879
m11h_r7100,192,3.732511171,10.003704851,1.739130259,548951700.0,42.87999999999857,70.69303,83.03943,1060594.8,16296600.0,-9.71398464551767,-9.52743711260325
m11h_r7100,191,3.709001553,10.027214469,1.75109148,547414300.0,42.889999999998565,71.64468,70.42843,1389957.0,20675636.0,-9.59531475096362,-9.422857238306168
m11h_r7100,190,3.685528367,10.050687655,1.763157606,545618800.0,42.84999999999857,72.35637,57.73299,2197778.5,26025690.0,-9.394905418281244,-9.321487086352867
m11h_r7100,189,3.66209189,10.074124132,1.775330067,539687550.0,43.31999999999865,72.51607,64.947784,1315313.8,23943288.0,-9.613113040935424,-9.352958611655364
m11h_r7100,188,3.638692401,10.097523621,1.787610292,537086460.0,43.37999999999864,73.19079,60.513683,1881874.0,23431948.0,-9.455453665064121,-9.36023581225174
m11h_r7100,187,3.615330181,10.120885841,1.799999714,531862560.0,43.31999999999865,73.51971,61.807293,2997930.5,20364604.0,-9.248977859087987,-9.416923450187342
m11h_r7100,186,3.592005509,10.144210514,1.812499762,524276800.0,43.00999999999854,72.97114,47.349247,2463515.8,14498421.0,-9.328005296789946,-9.558239933497257
m11h_r7100,185,3.568718664,10.167497358,1.825111866,519715700.0,43.549999999998604,71.909256,66.74709,2046086.4,11455068.0,-9.404841883183321,-9.656768174966066
m11h_r7100,184,3.545469928,10.190746094,1.837837458,517233180.0,43.78999999999856,70.704735,46.13381,1077152.2,12662746.0,-9.681409287068623,-9.611158484506852
m11h_r7100,183,3.522259581,10.213956442,1.850678444,515262400.0,43.86999999999854,70.60792,56.58696,1233966.4,16476766.0,-9.620725126511742,-9.495156478074705
m11h_r7100,182,3.4990866,10.237129422,1.863636732,513596540.0,43.78999999999856,71.29265,71.21623,1187000.6,26917046.0,-9.636171145068715,-9.280594695995527
m11h_r7100,181,3.475953877,10.260262145,1.876712799,512303360.0,43.52999999999861,72.80634,74.345665,1303986.5,36968324.0,-9.594254109029793,-9.141697442458515
m11h_r7100,180,3.452860389,10.283355633,1.889908791,510044260.0,43.46999999999862,74.68879,83.980835,2730508.0,38753372.0,-9.271364407710738,-9.119298363781484
m11h_r7100,179,3.429806416,10.306409606,1.903226137,506091970.0,43.899999999998535,74.621414,66.36382,5580268.0,37185236.0,-8.95757438781034,-9.133858902707326
m11h_r7100,178,3.406792243,10.329423779,1.916666985,497265380.0,44.349999999998616,73.43375,69.74183,8943114.0,29704980.0,-8.745099454031248,-9.223758956566185
m11h_r7100,177,3.383818151,10.352397871,1.930233002,481177300.0,45.709999999998516,72.28028,62.136425,3667303.8,14458094.0,-9.117958259173633,-9.522194097716929
m11h_r7100,176,3.360884425,10.375331597,1.943925619,475543840.0,46.219999999998585,71.98857,67.067604,1971420.8,8889315.0,-9.382411237006849,-9.728322264328904
m11h_r7100,175,3.337991348,10.398224674,1.957746983,473212400.0,46.47999999999853,71.696594,44.651947,1924026.2,6503339.0,-9.390845138051828,-9.861919737892418
m11h_r7100,174,3.315139204,10.421076818,1.971698523,470869630.0,46.74999999999848,71.21803,62.02301,838106.25,4968769.5,-9.749601602876178,-9.976651831804766
m11h_r7100,173,3.292328279,10.443887744,1.985782385,469979100.0,46.79999999999847,69.9545,81.765495,559133.9,5074740.0,-9.924562744269412,-9.966664752512846
m11h_r7100,172,3.269559283,10.466656739,2.000000238,469704030.0,46.719999999998485,68.62455,91.64646,220093.9,7207091.0,-10.329216269850388,-9.814064282545925
m11h_r7100,171,3.246614222,10.4896018,2.014492273,470082020.0,46.42999999999854,68.10322,63.360565,236269.14,11447476.0,-10.298766634983712,-9.61346389494686
m11h_r7100,170,3.223710346,10.512505676,2.029126406,470097700.0,46.08999999999861,68.65421,60.237167,963665.94,34318452.0,-9.6882616143307,-9.136660432741092
m11h_r7100,169,3.200850082,10.53536594,2.043902874,468985630.0,45.609999999998536,70.27059,62.074463,947362.94,53311172.0,-9.694643147366223,-8.944341307510102
m11h_r7100,168,3.17803457,10.558181452,2.058823347,468225730.0,44.97999999999849,72.75896,80.430954,2551806.5,69389980.0,-9.263607534226493,-8.82915848621671
m11h_r7100,167,3.15526156,10.580954462,2.07389164,465868670.0,44.749999999998536,75.18616,96.615364,4080735.0,74582820.0,-9.057525113764124,-8.795624729825912
m11h_r7100,166,3.132532199,10.603683823,2.089109421,450729900.0,45.959999999998466,74.428894,82.0493,12342480.0,62498730.0,-8.562513925037635,-8.858045178697525
m11h_r7100,165,3.109848894,10.626367128,2.104477644,424143460.0,48.42999999999848,75.89988,83.769684,5447810.0,41883904.0,-8.891290818230974,-9.00546561527607
m11h_r7100,164,3.087208987,10.649007036,2.120000124,409015230.0,50.13999999999848,74.97116,61.825447,8033596.5,32160100.0,-8.706829466903555,-9.104422091232149
m11h_r7100,163,3.0646153,10.671600722,2.135678053,397090750.0,50.13999999999848,73.62445,67.20751,3603219.5,22628620.0,-9.04219905356149,-9.244231703293647
m11h_r7100,162,3.042065611,10.694150411,2.151515007,391998880.0,50.01999999999833,73.92836,75.1537,1402080.0,20224148.0,-9.44651203182817,-9.287414591403135
m11h_r7100,161,3.019561061,10.716654961,2.167513132,388727200.0,50.159999999998305,73.18631,47.57624,4220121.5,20742212.0,-8.964319975368161,-9.272789861382142
m11h_r7100,160,2.997104037,10.739111985,2.183673143,381485340.0,50.64999999999838,72.3766,58.750473,2465463.8,14598670.0,-9.189579236344768,-9.417164566236826
m11h_r7100,159,2.974691914,10.761524108,2.200000048,377936830.0,50.38999999999843,70.67248,59.51736,1273172.2,12283218.0,-9.472532054148182,-9.488107058654583
m11h_r7100,158,2.952326245,10.783889778,2.216495037,375245400.0,50.109999999998315,68.814224,74.3975,1138544.5,10322804.0,-9.517965376666897,-9.560517704914297
m11h_r7100,157,2.930008573,10.806207449,2.233160257,371504500.0,49.77999999999838,67.38677,62.378807,1358056.5,7067892.0,-9.437046254204292,-9.720674188020586
m11h_r7100,156,2.907736295,10.828479727,2.250000238,370245300.0,49.509999999998435,66.28405,57.181316,1078683.6,6295536.0,-9.535595482287523,-9.76945685652873
m11h_r7100,155,2.885511788,10.850704235,2.267016172,368829820.0,49.26999999999831,66.00812,48.43318,855786.6,6022476.5,-9.634460536690607,-9.78705091731313
m11h_r7100,154,2.863336172,10.87287985,2.284210205,368188380.0,49.059999999998354,66.10623,48.28345,840763.3,7643192.0,-9.64139633021404,-9.682795313427599
m11h_r7100,153,2.841207277,10.895008745,2.301587343,367470700.0,48.959999999998374,66.35796,84.37603,493718.28,13801584.0,-9.871743494033545,-9.425293769480373
m11h_r7100,152,2.819127873,10.917088149,2.319148302,367168540.0,48.909999999998384,67.26584,82.89298,541345.7,24727630.0,-9.83139078589455,-9.17168297357392
m11h_r7100,151,2.797095391,10.939120631,2.336898327,366606080.0,48.62999999999844,68.930885,68.27905,964269.25,43231140.0,-9.58000134569088,-8.928402975289904
m11h_r7100,150,2.775112187,10.961103836,2.354839087,365175680.0,48.61999999999844,71.73179,119.00539,1367058.0,52712880.0,-9.426714905928915,-8.840585101841473
m11h_r7100,149,2.753179376,10.983036646,2.372972488,362253340.0,48.8299999999984,74.355576,68.81656,4344174.0,57955030.0,-8.921105191175442,-8.79592125321892
m11h_r7100,148,2.731294817,11.004921205,2.391304255,351634900.0,50.14999999999848,78.3228,50.24899,5583327.0,50516390.0,-8.79919892336044,-8.842659662727263
m11h_r7100,147,2.709459634,11.026756389,2.409836531,343645340.0,51.09999999999846,79.23498,67.17568,14871975.0,43696530.0,-8.363741817383865,-8.89566353353796
m11h_r7100,146,2.687676159,11.048539864,2.428571224,320450720.0,52.58999999999833,77.69958,94.353836,3910375.0,21125640.0,-8.913542844026695,-9.180951376962993
m11h_r7100,145,2.665941861,11.070274161,2.447513819,311093820.0,54.33999999999832,74.28496,70.076004,4127483.5,13301287.0,-8.877206043543689,-9.368997725077223
m11h_r7100,144,2.644258264,11.091957758,2.466666937,304961600.0,55.519999999998255,72.76746,86.49646,1656102.4,9318401.0,-9.265157977530107,-9.514903761950194
m11h_r7100,143,2.622626882,11.113589141,2.486033201,302512740.0,55.89999999999818,71.14725,76.08957,631520.8,8280736.0,-9.680355995673045,-9.562674724454833
m11h_r7100,142,2.601045208,11.135170815,2.505618334,302072640.0,55.919999999998176,69.67827,80.444626,478055.9,10320299.0,-9.800632703009521,-9.466419111295941
m11h_r7100,141,2.579515561,11.156700461,2.525424242,300639800.0,56.329999999998094,68.66861,87.0764,719916.7,14595611.0,-9.62076424487462,-9.313824205303082
m11h_r7100,140,2.558039048,11.178176974,2.545454264,300026880.0,56.33999999999826,68.92178,85.881454,1730815.4,18940916.0,-9.23890942133844,-9.199759187709056
m11h_r7100,139,2.536613582,11.19960244,2.565714359,297804030.0,57.249999999998245,69.67839,77.88383,1055664.5,22950532.0,-9.450404656115875,-9.113137816352234
m11h_r7100,138,2.515241864,11.220974158,2.586206198,296395360.0,57.599999999998175,70.60168,71.101494,1246067.4,29288152.0,-9.376329875273607,-9.005179430796026
m11h_r7100,137,2.493921822,11.2422942,2.606936216,292796540.0,57.62999999999817,71.25101,66.53587,3593467.2,31436570.0,-8.911052255102405,-8.969130791566
m11h_r7100,136,2.472654568,11.263561455,2.627907276,288013980.0,58.149999999998236,70.55952,46.337265,2523033.0,30137396.0,-9.057490643749478,-8.980307849959441
m11h_r7100,135,2.451442387,11.284773636,2.649122477,281034750.0,59.19999999999803,69.2617,62.20863,2812448.2,25201832.0,-8.999675486883488,-9.04732791475748
m11h_r7100,134,2.43028283,11.305933192,2.670588255,276715970.0,60.00999999999804,68.49263,47.521133,5351590.5,27711970.0,-8.713551346873974,-8.999366820806397
m11h_r7100,133,2.409177399,11.327038623,2.692307949,268041650.0,61.65999999999805,69.30826,55.59078,3805218.5,25284536.0,-8.847822679935454,-9.025347291200216
m11h_r7100,132,2.388127581,11.348088442,2.714285135,262285170.0,62.91999999999796,69.34909,68.951256,2127770.2,20749564.0,-9.090848999916444,-9.101764756770743
m11h_r7100,131,2.367130954,11.369085068,2.736527205,259830530.0,63.62999999999799,68.81393,71.80205,1814873.5,19355402.0,-9.15584381654015,-9.127887980065536
m11h_r7100,130,2.346189793,11.39002623,2.759036779,257924240.0,60.869999999998036,67.845406,52.661064,4307699.5,18059210.0,-8.777246759707308,-9.154793411338444
m11h_r7100,129,2.325305188,11.410910834,2.781817913,249159260.0,51.28999999999825,67.711716,41.350277,3319706.5,9268725.0,-8.875377350521852,-9.429457042350343
m11h_r7100,128,2.304475129,11.431740893,2.804877996,244361860.0,48.31999999999833,65.808136,58.92933,770539.44,4724524.0,-9.501238543523682,-9.71367535557296
m11h_r7100,127,2.283700717,11.452515305,2.828221798,243250060.0,47.779999999998275,63.87029,51.80842,958285.75,5391555.5,-9.404557933099422,-9.654338883063142
m11h_r7100,126,2.2629842,11.473231823,2.851851702,242345400.0,46.83999999999829,62.87284,62.096718,541638.3,6356264.5,-9.650725418700196,-9.581232834068
m11h_r7100,125,2.2423232,11.493892822,2.875776768,241742160.0,46.60999999999834,62.511703,80.691734,138060.58,7707447.5,-10.243282710618587,-9.496441823100167
m11h_r7100,124,2.221720348,11.514495674,2.89999938,241977310.0,45.88999999999831,63.13699,55.76166,252263.64,14539409.0,-9.98191998896353,-9.221227894449846
m11h_r7100,123,2.201173667,11.535042355,2.924528122,241655150.0,45.459999999998224,64.20458,58.67832,1206998.8,23161180.0,-9.301489238243422,-9.018435376816015
m11h_r7100,122,2.180684255,11.555531768,2.949367762,239877600.0,45.36999999999824,64.46909,64.869286,1264594.0,26339046.0,-9.278038578100649,-8.959389654258073
m11h_r7100,121,2.160254336,11.575961686,2.974521875,237977400.0,45.18999999999828,64.093124,86.00019,902807.6,26053712.0,-9.420940511551821,-8.960666121863236
m11h_r7100,120,2.139881577,11.596334445,3.0,236804830.0,44.699999999998205,63.808414,74.64127,4132773.2,25458472.0,-8.758148982113823,-8.96855822587205
m11h_r7100,119,2.12007483,11.616141192,3.025157452,230433920.0,40.609999999998344,62.797104,64.39898,4956812.0,19911314.0,-8.667343960375216,-9.063446486635153
m11h_r7100,118,2.100324311,11.635891711,3.050632954,220933820.0,41.209999999998224,61.908463,59.689487,3825577.5,11759634.0,-8.761565205051541,-9.273868404321046
m11h_r7100,117,2.080629949,11.655586073,3.076433182,215807970.0,41.78999999999811,61.95788,43.929104,1478688.5,7641159.0,-9.16419078023044,-9.450908238805473
m11h_r7100,116,2.060992428,11.675223594,3.102563858,214145090.0,41.78999999999811,63.63458,56.668972,558294.1,8012418.0,-9.583845059383279,-9.426944519191412
m11h_r7100,115,2.041411682,11.694804341,3.129032135,213615760.0,41.44999999999818,65.77609,60.632935,681335.0,9121793.0,-9.496272591519082,-9.369553078012522
m11h_r7100,114,2.021888208,11.714327815,3.155844212,213043060.0,40.039999999998486,68.19786,54.950138,477045.56,12775372.0,-9.649907522844401,-9.222093828214705
m11h_r7100,113,2.002422503,11.733793519,3.183006287,211720770.0,39.20999999999865,69.88026,54.1547,946995.0,15729548.0,-9.349415774694542,-9.12904721765543
m11h_r7100,112,1.983014508,11.753201514,3.210526466,210813440.0,38.71999999999875,68.92328,61.883007,650274.94,19616916.0,-9.510801279003973,-9.031267562592062
m11h_r7100,111,1.963664907,11.772551115,3.238410473,209183300.0,39.3099999999986,64.81409,77.23457,1140564.6,27724518.0,-9.263407104016643,-8.877662997151164
m11h_r7100,110,1.944373646,11.791842376,3.266666889,207853940.0,40.909999999998455,61.967606,74.08665,1324327.5,36254150.0,-9.195762855502398,-8.758400501633202
m11h_r7100,109,1.925141225,11.811074797,3.295301914,204101460.0,43.24999999999833,61.577694,46.048943,2709100.0,40428096.0,-8.87702106657712,-8.703162814557073
m11h_r7100,108,1.905968146,11.830247877,3.324324131,200473040.0,45.259999999998264,62.773598,69.37727,3256659.5,43532160.0,-8.789283622842325,-8.66324575939783
m11h_r7100,107,1.88685436,11.849361663,3.353741646,196407540.0,47.819999999998096,62.470596,73.63687,5949133.0,45137636.0,-8.518704469095121,-8.638619337333349
m11h_r7100,106,1.867800553,11.86841547,3.383561611,187280290.0,50.98999999999814,60.88638,52.216152,7532517.0,39644960.0,-8.395551948050219,-8.67430408454419
m11h_r7100,105,1.848806683,11.887409339,3.413793087,176541100.0,53.329999999998016,61.45246,54.91739,5648413.0,34959092.0,-8.494919394223091,-8.703285694035802
m11h_r7100,104,1.829873256,11.906342767,3.444444656,168498910.0,53.539999999997974,60.7014,57.570637,4519198.5,30810264.0,-8.571535683391975,-8.737901681353524
m11h_r7100,103,1.811000775,11.925215247,3.475524426,161680270.0,52.28999999999805,60.545357,64.92666,3646064.5,26528124.0,-8.646832683946062,-8.78495049224474
m11h_r7100,102,1.792189209,11.944026814,3.507042408,155215470.0,48.50999999999829,61.14266,58.79047,3021109.8,23062484.0,-8.710768507410549,-8.828028927690683
m11h_r7100,101,1.773439242,11.96277678,3.539007187,151165310.0,46.269999999998234,62.519672,64.53904,2889261.0,23724966.0,-8.718665369368543,-8.804246546050651
m11h_r7100,100,1.754750847,11.981465175,3.571428776,146140340.0,43.3999999999983,65.29054,66.35749,3973135.0,22343072.0,-8.565636779669308,-8.815627216497628
m11h_r7100,99,1.736124536,12.000091487,3.604316711,140516820.0,44.28999999999829,69.351105,81.18988,1567795.8,21329988.0,-8.95243881764,-8.818737689341205
m11h_r7100,98,1.717560816,12.018655206,3.637681007,138549120.0,43.23999999999833,73.127884,86.079124,2519435.0,23921670.0,-8.740300613405127,-8.762812276704333
m11h_r7100,97,1.69905967,12.037156353,3.671533108,135205380.0,44.40999999999826,75.880775,77.32673,1737081.5,24587752.0,-8.891173765193816,-8.740275136213333
m11h_r7100,96,1.680621786,12.055594236,3.705882072,131232990.0,47.979999999998064,75.63577,65.30884,2635386.0,27039882.0,-8.697198795985933,-8.686038238438803
m11h_r7100,95,1.662247152,12.07396887,3.740740776,127500850.0,51.1599999999976,74.568886,88.07165,2635204.5,26878530.0,-8.684698749796315,-8.676107559991594
m11h_r7100,94,1.643936284,12.092279738,3.776119709,124049100.0,50.6799999999977,73.84658,64.07307,4489150.5,27730242.0,-8.441429466246724,-8.650639972080086
m11h_r7100,93,1.625689698,12.110526324,3.812029839,117496910.0,52.969999999997405,74.04159,75.857025,1543196.5,24406716.0,-8.881605223180653,-8.682517105162322
m11h_r7100,92,1.607507392,12.128708631,3.848484993,115459736.0,51.83999999999763,71.550705,66.10657,4100454.8,24957890.0,-8.449598536482325,-8.66522269388134
m11h_r7100,91,1.589390057,12.146825965,3.88549614,108369380.0,48.079999999997874,67.27834,53.50013,3215726.0,21695334.0,-8.527627535628364,-8.698540232183808
m11h_r7100,90,1.571337698,12.164878324,3.923077106,103675336.0,49.50999999999776,64.72102,74.46948,1854177.1,18901028.0,-8.74752423265899,-8.739190026063374
m11h_r7100,89,1.553350838,12.182865184,3.961240292,100352670.0,56.93999999999628,62.60101,62.37554,2931885.5,17938584.0,-8.534381934906003,-8.747740781951133
m11h_r7100,88,1.535430001,12.200786021,4.0,96447144.0,62.67999999999514,61.942142,59.86162,2278532.2,16999550.0,-8.626634191909599,-8.753851946614104
m11h_r7100,87,1.517292397,12.218923625,4.039999962,93265340.0,72.73999999999968,61.270393,49.080326,1659882.2,16135243.0,-8.749643015602237,-8.761944786068687
m11h_r7100,86,1.499223494,12.236992528,4.080645084,90527370.0,79.83000000000365,60.252922,50.504097,2851522.2,15856213.0,-8.501703129172261,-8.756580422687474
m11h_r7100,85,1.481223671,12.254992352,4.121951103,86980520.0,89.89000000000946,59.77738,52.71281,1219244.5,14196656.0,-8.853331194531668,-8.787235940654766
m11h_r7100,84,1.463293306,12.272922716,4.163934231,85355760.0,98.84000000001473,59.99895,61.965775,1935802.2,13680402.0,-8.644371843307924,-8.795133974255897
m11h_r7100,83,1.445432784,12.290783238,4.206611633,82334580.0,100.64000000001514,60.354355,55.02613,1935431.0,12151938.0,-8.628804560438407,-8.830936708287238
m11h_r7100,82,1.427642491,12.308573531,4.25,79704940.0,104.00000000001668,60.551807,49.294064,1601465.5,11040793.0,-8.696967673790859,-8.858484993466519
m11h_r7100,81,1.409922981,12.326293041,4.294116974,77199200.0,109.38000000001978,60.519127,58.21273,1609856.5,9656784.0,-8.680825634400783,-8.902780282504096
m11h_r7100,80,1.392274314,12.343941708,4.338982582,75035780.0,116.22000000002413,60.14001,53.151207,1371845.9,8153696.0,-8.737963056533,-8.963913862945372
m11h_r7100,79,1.374697051,12.361518971,4.384614944,73109820.0,123.66000000002894,59.834587,60.45497,577747.8,6591762.0,-9.102237428607362,-9.04497421993458
m11h_r7100,78,1.357191591,12.379024431,4.431034088,71999060.0,126.64000000003047,59.99812,50.373547,885637.4,5862847.5,-8.91007086628542,-9.089218204521952
m11h_r7100,77,1.339758335,12.396457688,4.478260517,70680340.0,132.52000000002755,60.01563,41.997635,1212508.6,4974248.0,-8.76561376881305,-9.15257117138846
m11h_r7100,76,1.322397687,12.413818335,4.526315212,69189960.0,131.77000000002806,59.717026,47.634884,849588.25,4121835.5,-8.91083458214305,-9.224952424174942
m11h_r7100,75,1.305110055,12.431105967,4.575220585,68215500.0,134.99000000002547,58.005413,31.906282,438339.34,3764123.0,-9.192072639097951,-9.25821928579992
m11h_r7100,74,1.287895852,12.44832017,4.624999523,67589980.0,137.30000000002354,56.29861,79.39981,225710.3,3677231.0,-9.476330971648025,-9.264361430962762
m11h_r7100,73,1.270755492,12.46546053,4.675674915,67361880.0,139.3300000000217,54.807827,57.633415,411366.8,6336467.0,-9.214184947812617,-9.026567021940398
m11h_r7100,72,1.253689395,12.482526627,4.727272034,67090936.0,143.9400000000175,54.122677,45.31873,412797.75,9473774.0,-9.210926529398074,-8.850140830575793
m11h_r7100,71,1.236698142,12.499517881,4.779815197,66575276.0,149.31000000001245,54.243847,55.414497,434217.97,10167756.0,-9.185605184155502,-8.816087859841907
m11h_r7100,70,1.21978184,12.516434182,4.833332062,65922496.0,156.86000000000575,54.188435,58.09939,455731.88,10305389.0,-9.160324237276582,-8.805969252694716
m11h_r7100,69,1.202941081,12.533274941,4.887849331,65432636.0,163.86999999999955,54.775524,64.20253,558076.25,10424528.0,-9.069100875831703,-8.797738016331518
m11h_r7100,68,1.186176299,12.550039723,4.943395138,65225296.0,168.98999999999515,55.413223,53.519463,1493911.9,11775291.0,-8.640091079201808,-8.743444410104688
m11h_r7100,67,1.169487934,12.566728088,5.0,61969880.0,176.75999999998243,54.838287,49.367004,2070915.5,12693299.0,-8.476018276525943,-8.688606144874372
m11h_r7100,66,1.152876429,12.583339593,5.057691097,58599788.0,185.87999999996623,54.14205,46.73023,1212695.5,11527198.0,-8.684144278829226,-8.70617229184819
m11h_r7100,65,1.136342232,12.59987379,5.116503716,57369508.0,194.17999999996485,54.359207,53.494507,553195.3,13636909.0,-9.015802633936804,-8.623965182961626
m11h_r7100,64,1.119885796,12.616330226,5.176469326,56616256.0,197.98999999996218,56.303547,64.83139,578135.3,15541370.0,-8.990911649449213,-8.561451846337803
m11h_r7100,63,1.103507579,12.632708443,5.237622261,56274984.0,202.84999999996006,59.049225,56.31634,771860.56,18072068.0,-8.862776528571894,-8.493307528154018
m11h_r7100,62,1.087208042,12.64900798,5.29999876,55131430.0,207.58999999995962,60.60504,58.721455,3105794.8,19672984.0,-8.24922652162508,-8.447529034375966
m11h_r7100,61,1.070987807,12.665228216,5.363634109,50637588.0,208.01999999994996,61.050724,53.924484,1794268.1,16251628.0,-8.45058566892564,-8.493576138165226
m11h_r7100,60,1.05484704,12.681368983,5.428569317,48616772.0,198.03999999995747,61.4425,54.00329,1960363.5,15397742.0,-8.39444951189495,-8.499329081239333
m11h_r7100,59,1.038786373,12.69742965,5.494843006,45429050.0,184.22999999995955,61.39329,67.41758,2311883.8,13173196.0,-8.293367643564196,-8.537642482332824
m11h_r7100,58,1.022806289,12.713409733,5.562497616,42415070.0,184.69999999996497,60.090767,76.16717,943590.9,10400056.0,-8.65273647617041,-8.61048453075621
m11h_r7100,57,1.006907279,12.729308743,5.631576538,40327880.0,192.61999999996783,59.734783,36.3561,2805996.2,9606860.0,-8.157518305850203,-8.623023930332339
m11h_r7100,56,0.991088801,12.745127221,5.702129841,36882016.0,249.81999999990344,62.557518,50.544643,1305085.1,7857326.5,-8.451175812178807,-8.671539851900489
m11h_r7100,55,0.975353435,12.760862587,5.774196148,35690120.0,253.3599999998925,64.36989,47.25682,1328540.0,9054085.0,-8.42917337339036,-8.595703440828656
m11h_r7100,54,0.959700648,12.776515375,5.847828388,34080460.0,260.4599999999278,65.20325,82.0535,531364.06,9359092.0,-8.807113269381585,-8.561271731593326
m11h_r7100,53,0.944131098,12.792084924,5.923078537,33061788.0,263.31999999991825,64.762115,84.314835,381085.38,9122584.0,-8.93830405468521,-8.559208465756386
m11h_r7100,52,0.928645016,12.807571006,6.000001907,32809782.0,266.27999999991397,64.22071,68.56701,485508.94,9621872.0,-8.829806115751408,-8.532743769611999
m11h_r7100,51,0.912894728,12.823321294,6.080458164,32018780.0,266.729999999912,62.732925,60.48948,1043474.4,9658510.0,-8.48692299173643,-8.520494646335274
m11h_r7100,50,0.897232011,12.838984012,6.162790298,30537294.0,256.9499999999016,61.833633,48.28621,1292196.5,10363744.0,-8.373501989915702,-8.469313873583936
m11h_r7100,49,0.881658602,12.854557421,6.247059345,28556802.0,251.90999999989535,61.64122,62.777794,2136845.5,10094109.0,-8.125936447773482,-8.451641580249122
m11h_r7100,48,0.866174804,12.870041218,6.3333354,25850076.0,217.88999999994098,61.190746,64.417366,995061.75,8518927.0,-8.41461179191475,-8.482076927546824
m11h_r7100,47,0.850782345,12.885433677,6.421684742,24697800.0,213.21999999995836,60.787888,57.125553,537732.06,7851136.0,-8.662092337197299,-8.497725769018508
m11h_r7100,46,0.835479993,12.900736029,6.512194157,24219544.0,219.2499999999606,60.838776,67.863464,678984.3,8065577.0,-8.552306221788387,-8.477530520436567
m11h_r7100,45,0.820269074,12.915946948,6.604938984,23603564.0,217.1899999999648,60.743427,65.91056,964408.5,8147128.0,-8.388716554385692,-8.461973044256002
m11h_r7100,44,0.805150493,12.93106553,6.700001717,22154740.0,210.15999999996424,61.50113,56.81365,1750160.0,8184086.0,-8.10238890387959,-8.432496473294188
m11h_r7100,43,0.790125569,12.946090454,6.797465801,19997580.0,230.15999999995532,62.18887,44.373993,1248636.6,6904067.0,-8.204541373347617,-8.461872445546355
m11h_r7100,42,0.775193292,12.961022731,6.897434235,18638988.0,313.9799999998884,63.076473,42.037678,1032679.4,6920385.0,-8.256456825488565,-8.430292072606823
m11h_r7100,41,0.760355012,12.975861011,7.0,17564488.0,328.4799999998876,63.71179,75.90819,396051.0,6378372.5,-8.64688438055847,-8.439925616094996
m11h_r7100,40,0.744591639,12.991624383,7.112674713,17065172.0,339.7399999998851,62.70855,61.789852,680702.56,6915624.5,-8.399153284387952,-8.392279265686303
m11h_r7100,39,0.728937448,13.007278575,7.228569984,16334294.0,364.4599999998811,59.166103,82.24703,608795.56,7043916.0,-8.42862888995443,-8.365286199879582
m11h_r7100,38,0.713393417,13.022822605,7.347824097,15498656.0,363.1799999998792,57.882774,53.648533,1316768.2,6987835.0,-8.070784692744928,-8.34595139733384
m11h_r7100,37,0.697960275,13.038255747,7.470584869,14048992.0,239.19999999996102,56.993713,33.64993,921678.25,6082706.0,-8.183065826180826,-8.36354833931031
m11h_r7100,36,0.682638178,13.053577844,7.597018242,12475434.0,299.57999999993626,59.46438,58.540146,682481.25,5194753.0,-8.261964938573058,-8.380490760395121
m11h_r7100,35,0.667429601,13.068786422,7.727275848,11761095.0,382.2999999998765,60.355988,53.603615,495486.56,5667037.5,-8.375415876993328,-8.317091671521212
m11h_r7100,34,0.652334727,13.083881296,7.861539841,10957819.0,400.8099999998689,61.84037,58.576855,659670.06,5783862.0,-8.220397347388447,-8.277506200166338
m11h_r7100,33,0.637354358,13.098861665,8.000000954,10188324.0,414.29999999986745,63.053604,52.235054,781390.75,5193567.0,-8.1152344817585,-8.292637008915783
m11h_r7100,32,0.623759101,13.112456921,8.13043499,9292640.0,431.04999999986694,64.28931,55.393143,552298.7,4696368.0,-8.225965101607702,-8.296376992556981
m11h_r7100,31,0.610261089,13.125954933,8.264706612,8673746.0,425.9799999998677,65.6001,59.105423,459690.56,4235101.5,-8.275741112492094,-8.311342876965657
m11h_r7100,30,0.59686114,13.139354882,8.402985573,8156809.5,447.00999999986556,66.661354,90.51837,599137.3,4010678.2,-8.133993952591096,-8.308302496773953
m11h_r7100,29,0.583560026,13.152655996,8.545454979,7611665.5,452.55999999986204,63.422626,63.477085,830724.9,3812885.5,-7.962022479601588,-8.300225930942943
m11h_r7100,28,0.570358535,13.165857488,8.692308426,6755496.0,430.7199999998564,62.755314,37.166645,1042673.3,3465926.2,-7.811508983367107,-8.289837923862853
m11h_r7100,27,0.55725753,13.178958492,8.84375,5568844.0,417.95999999986645,66.681984,50.34007,360742.22,2537396.2,-8.188568080084918,-8.341376758480669
m11h_r7100,26,0.544257711,13.191958311,9.0,5248501.5,432.1999999998721,68.27825,40.291035,196277.45,2650083.5,-8.42716491167095,-8.296775767563654
m11h_r7100,25,0.531943601,13.204272421,9.153851509,4989993.5,427.89999999986054,68.4221,82.83678,305505.3,2441977.8,-8.213081213220947,-8.310358277341772
m11h_r7100,24,0.519724097,13.216491925,9.3125,4701111.5,418.48999999986523,65.55952,39.634125,171723.38,2458142.0,-8.437371136432498,-8.28159358456328
m11h_r7100,23,0.507598278,13.228617744,9.476195335,4579349.0,424.7699999998626,66.57723,46.21822,332036.75,2633190.2,-8.139617588809186,-8.240321504765825
m11h_r7100,22,0.495568593,13.240647429,9.645160675,4268752.0,431.8499999998956,68.59299,42.552853,299389.88,2454766.5,-8.154063815555443,-8.2402907366311
m11h_r7100,21,0.483634181,13.252581841,9.819677353,3970544.5,463.47999999989617,70.180435,54.44136,482586.56,2276032.5,-7.915274842831295,-8.241671608593396
m11h_r7100,20,0.4717975,13.264418523,10.0,3446317.5,450.11999999988745,72.64547,66.565544,157409.33,1798209.5,-8.340324820132794,-8.28251499761507
m11h_r7100,19,0.459570996,13.276645026,10.194347382,3310943.5,457.8799999998742,73.281906,50.17918,602448.06,1735077.9,-7.74003215773683,-8.280632797865684
m11h_r7100,18,0.447451521,13.288764501,10.395687103,2691625.8,467.73999999988615,78.3332,61.874386,89992.39,1258509.2,-8.47580888552764,-8.33015826247363
m11h_r7100,17,0.435440065,13.300775957,10.604401588,2634535.8,473.8499999999092,79.52712,42.654434,52865.91,1315405.5,-8.697528382659163,-8.301644442809863
m11h_r7100,16,0.423538426,13.312677597,10.820889473,2481478.2,456.58999999989857,79.82261,85.60784,277478.06,1339172.5,-7.951481819624239,-8.267873950512843
m11h_r7100,15,0.411746072,13.324469951,11.045623779,2201028.5,412.72999999993,80.81908,109.717514,239262.53,1230111.9,-7.963750973057377,-8.252681055027137
m11h_r7100,14,0.400064864,13.336151158,11.279068947,1904162.9,379.0699999998771,73.618774,88.21288,122177.2,1173636.0,-8.19271391450951,-8.210170671022155
m11h_r7100,13,0.388495902,13.34772012,11.521740913,1998433.0,401.319999999894,70.54059,27.546116,199270.11,1331095.6,-8.001247433390187,-8.1764803365529
m11h_r7100,12,0.377040371,13.359175651,11.774197578,1818756.5,320.81999999991,68.16046,34.178493,199113.22,1178473.1,-7.960674465471192,-8.188454875527993
m11h_r7100,11,0.365699327,13.370516696,12.037044525,1633213.8,358.3099999999447,71.84563,90.84949,61391.465,1211699.9,-8.424935031507253,-8.12964796449707
m11h_r7100,10,0.354474707,13.381741315,12.310917854,1588346.2,352.65999999994597,68.68607,65.58405,125625.266,1316335.5,-8.10186818896807,-8.081578588156942
m11h_r7100,9,0.343366368,13.392849654,12.596563339,1440750.0,308.969999999954,69.40636,17.108818,80474.18,1220591.0,-8.252932069848312,-8.072018464881506
m11h_r7100,8,0.332376327,13.403839696,12.894735336,1390446.8,305.1099999999521,71.26793,85.37237,278829.06,1372764.5,-7.697816322796136,-8.005558321627422
m11h_r7100,7,0.321505793,13.41471023,13.206280708,1116162.5,292.589999999955,67.557434,54.749092,73420.92,1116162.5,-8.181907594106804,-8.0
m11h_r7100,6,0.310756174,13.425459849,13.53211689,1054339.5,311.0499999999475,68.750305,62.01989,321781.38,1054339.5,-7.515419574194882,-8.0
m11h_r7100,5,0.30012887,13.436087152,13.873250008,734801.9,409.46999999993915,66.99825,42.194134,54321.055,734801.9,-8.13120206229276,-8.0
m11h_r7100,4,0.289626021,13.446590001,14.230760574,696281.1,442.919999999935,67.454506,nan,0.0,696281.1,0,-8.0
m11h_r7100,3,0.279247738,13.456968285,14.605906487,712893.44,444.5299999999374,66.29022,21.753815,192367.45,712893.44,-7.568893021733887,-8.0
m11h_r7100,2,0.268996271,13.467219751,15.0,541416.25,-1,nan,nan,201489.17,541416.25,-7.429279574580768,-8.0
