galaxyID,timestep,t,z,M_star,R_halflight_s,R_halflight_c,R_halfmass,sigma_allstars_global,sigma_allstars_los,sigma_youngstar_global,sigma_youngstar_los,sigma_allgas_global,sigma_allgas_los,sigma_coldgas_global,sigma_coldgas_los,sigma_hotgas_global,sigma_hotgas_los,sigma_warmgas_global,sigma_warmgas_los,sigma_warmgasNearYS_global,sigma_warmgasNearYS_los,sigma_gasNearYS_global,sigma_gasNearYS_los,alpha,SFR_10,SFR_100,sSFR_10,sSFR_100
431,004096,13.800820457603768,-2.1552202596614666e-12,1481473268.961433,5415.65272841786,2522.1306403595063,2.899169921875,27.726123563426455,15.245329104376241,15.57582438829658,15.611346292810472,28.598359071036818,15.245329104376241,20.877231872141557,17.919895029930885,22.32435229264983,14.951792311124382,24.13820888428977,19.135164966982217,24.35434024590401,19.76954725609314,16.293697564022093,16.71648991070284,-0.1753460751416587,2700334.208720265,23760380.334410347,-9.739276301431396,-9.794840431518942
431,003744,12.61630049585485,0.08740401184245726,1290102430.2308128,4770.014939066899,2191.18691544609,2.593994140625,27.965005518523288,16.866692401285853,18.270142038151093,17.278163422887246,29.41773122221461,16.866692401285853,22.61482338123517,19.281400117876423,21.845252145288917,15.038933128199785,23.177024917910444,18.98486375977584,24.321425752799666,20.879399667253004,16.07046583478932,16.59918640248949,-0.18586181583147057,2601955.953454885,22123348.66084621,-9.695324252891593,-9.765773329525782
431,003648,12.293249597180443,0.11327055522257985,1241608287.9155416,4600.323830788455,2105.5432036788925,2.5177001953125,28.173015537229663,18.982101722522692,21.707021977760395,18.60297770723639,29.539430724921978,18.982101722522692,23.535876010008547,19.076260208516942,21.123825643341643,14.828972921853165,23.08352712418846,18.850038046576906,27.59027580526705,20.96826875308285,18.672054640448234,16.68401578512983,-0.17590868880755148,2666284.5405352935,22180003.859674357,-9.668078108315907,-9.748022985515181
431,003606,12.151914829021104,0.12489157769989825,1218389096.3642223,4526.661542960175,2068.465770673268,2.44140625,28.229399572466995,15.345342191063182,14.910268684610624,14.4219266747364,27.998728337931404,15.345342191063182,22.956498120038553,18.80752717896872,20.25155293349875,14.149295885829929,20.65354794600131,17.917617055788988,22.26005343309834,18.061774507654015,16.592679746916932,16.082123011116558,-0.17068885338632278,2360589.953728983,18816450.868813235,-9.712765449238857,-9.811248292915577
431,003456,11.64714779987296,0.16801380303306515,1145495839.2270384,4270.524605107927,1941.1072474294413,2.3651123046875,27.768630229878163,17.334795789926403,22.28262210296801,17.921327570459532,28.101954642284245,17.334795789926403,23.698676479895095,20.544254699607038,19.976432360096315,14.094004505222994,21.529337920123073,17.451396675835856,23.602048079807844,19.650761153766204,17.60971187205349,15.694318286050542,-0.20056931980666495,1963541.3449193323,17470901.801124226,-9.765953465706389,-9.816678193366188
431,003360,11.324096901214846,0.19703539019571517,1101934587.482058,4109.9079403521555,1861.965285412513,2.288818359375,28.085506490549566,16.788691497860512,21.460701554867203,16.86333053767312,29.26281913635585,16.788691497860512,25.94988627158373,20.15704934061383,22.016746655170163,14.9468278409467,23.00419976539308,17.987299241145294,23.957173631778943,17.841130518307644,21.250760691841524,17.774684843240678,-0.17304879268260867,2453758.8009702163,21350984.904549155,-9.652323944590135,-9.71273790140372
431,003264,11.001046002550357,0.22726672654624844,1052774813.137859,3950.8064548120187,1785.6478057585523,2.2125244140625,26.782275920749104,15.257343749607891,15.793795110594896,16.186601588990044,26.682689748363735,15.257343749607891,23.693652104935875,18.74560040473495,19.611173432660895,14.145783369900602,19.845920003523158,16.856805238691738,24.862235626471044,19.43742733956411,17.04082072742856,15.334741968928622,-0.1766845520149354,1943917.4039806318,14227523.93909095,-9.7336576781784,-9.869206161197928
431,003168,10.677995103898319,0.25880171318919204,1009355321.7221667,3792.6811347568882,1709.6502087035474,2.13623046875,28.031999067445952,17.73154659230242,21.530291300574607,18.3365558506746,27.992623002975506,17.73154659230242,24.710988159746428,18.47993777438469,19.922818100074462,13.705337264875663,21.296376813549635,18.6492220691841,24.03198269413359,19.316155865823244,16.618962222270945,16.56747438439934,-0.17201237671769293,1696667.9316909525,14350843.82662908,-9.774447225713072,-9.847166638891434
431,003072,10.354944205257883,0.2917451296924832,976019117.9151943,3636.8321413225813,1634.9147581163484,2.13623046875,28.19554059556306,16.648515743692926,19.709406271057752,15.775425394266136,30.28403761236213,16.648515743692926,26.689209693798986,20.83167626168931,21.97920188668694,15.238203956619428,23.307818126376556,19.44195306988049,27.49913693487841,21.801658213595253,18.308756879439592,16.892336088989673,-0.17239941320777477,3874745.8329398227,23325290.02991459,-9.40121510467397,-9.621631272025422
431,002976,10.031893306606793,0.32621427192988656,939022389.2037487,3483.4423623252214,1561.0822898435836,1.983642578125,27.6392586985312,17.004027200862122,18.940349679621875,16.449575874276682,29.230231907666294,17.004027200862122,26.817404201813737,20.53581622645308,22.159716592920578,15.426199786096007,23.396346331951875,18.995273294080505,22.530829533473874,19.00070841067008,18.152484974363947,16.39016820274249,-0.166871687376951,1743300.2107531128,20573725.960610628,-9.731303764654188,-9.659362996525516
431,002880,9.708842407954279,0.3623408972477314,899319444.8530113,3331.040756553546,1488.3925652578823,1.9073486328125,27.04837787627271,16.254255288080692,15.754662266941109,16.917953281999267,26.84469787215763,16.254255288080692,25.754715272510175,18.99157354549952,20.94846912043292,14.777141575826803,20.637906033722658,17.731156812800172,23.72483617799822,18.625544605561032,15.874529306943021,14.904905484359535,-0.17795232679077783,1191086.0764095762,14297433.507893503,-9.87797083587196,-9.798655898238769
431,002688,9.062740610652966,0.440180336396566,831080028.2952154,3036.5265093598473,1348.9300061930758,1.7547607421875,26.388102421527005,18.89756122284566,23.096030865404177,17.987994284019614,25.56134638436775,18.89756122284566,25.496429898702655,18.75627527337725,21.722546279323783,14.995254969203188,19.868167406091015,16.647780359242887,25.360192478338288,19.52091928254042,19.620261222550184,16.572614622226173,-0.1793523831811775,1045217.8625896826,9662670.66288907,-9.900436022759168,-9.934545668355081
431,002554,8.611815397966739,0.4995510834092969,792168496.8038597,2835.62197798974,1253.6685279835795,1.678466796875,26.990798095111703,16.523396926973028,22.03916976085544,16.76541046663075,28.11440804416121,16.523396926973028,27.747578472131302,20.787043506098172,23.814984374096944,16.117980890915405,21.6994234477807,18.620851874228055,23.733050328152427,20.240315471911373,19.067593078575516,17.91398959357575,-0.17482477972547977,1544320.0214772937,18374660.38991091,-9.710080265324978,-9.634598246284984
431,002304,7.770537016105924,0.6238070024603792,707223177.6066337,2473.8789757489963,1086.429106702003,1.6021728515625,26.762777894165197,15.9936151130269,22.235300036199554,15.788865966216438,25.84507120330592,15.9936151130269,27.25152369351459,19.153317133448475,21.864763842911692,14.957978563590558,21.8340663074723,17.3214360969373,24.613529308294154,18.513372844390105,21.286446600917316,16.316943837240423,-0.17482466909125877,1191583.0920115658,8065242.384950419,-9.773432153079256,-9.942939061452012
431,002208,7.447486117472484,0.6770739248549438,680451755.7421756,2339.766472438444,1025.090476581431,1.678466796875,26.6579912176556,20.082382881258255,24.945419332035414,17.601570542632558,24.342189842108326,20.082382881258255,28.003143394596183,19.6246094607818,21.590067272945248,15.534049693556282,21.633364794356773,16.76891591284256,21.6071931231871,15.61467922720686,23.817617551690642,16.892333506353978,-0.24805892727466392,1446654.5275133206,9091108.588798136,-9.672432508445842,-9.874180493777601
431,002112,7.124435218821535,0.7339871667028216,645676293.6208198,2206.6064825666417,964.8329360907469,2.6702880859375,28.000502528774987,16.035021317897566,25.66833118340065,16.608618656248016,25.882643798724736,16.035021317897566,35.024106798826956,23.378411388526633,22.773209571084283,16.09391690858764,25.2386412780438,18.444829799753958,23.275333351137192,16.41576231590725,23.840043726941975,16.34913990779568,-0.280792127643302,1636151.1595715971,14907332.274932874,-9.596191416845965,-9.636614909604836
431,002016,6.801384320187275,0.7950046717061234,493807159.5898793,2082.0266613193744,908.0255828980105,1.068115234375,26.552445153020862,15.45392317056478,27.111924732769495,15.950579736523093,26.45946516704067,15.45392317056478,36.047520712978546,24.058796563460987,24.531271336365624,16.376707166916738,26.151507814991238,18.360099543032792,26.69009317321768,17.601691068446847,27.45052215298054,16.844911195858167,-0.2857402015526131,1989280.209495216,16131158.010012975,-9.394861420329978,-9.485891837096302
431,001920,6.478333421547383,0.860667990057513,560900085.1609452,1953.3286854655023,858.084375436038,3.2806396484375,32.321605874190254,19.319925984967522,30.28284731240032,19.677468425179185,32.20333278671616,19.319925984967522,37.29584493391748,25.629276066765645,29.8210807902106,20.930512394873233,33.918307279882065,25.76485436024427,30.430182532551687,21.553113958115176,31.765056008032843,21.212085609362852,-0.3027826637330072,4327139.604402446,18355579.02401739,-9.112684599091462,-9.485117417136959
431,001824,6.15528252290553,0.9316226108145298,416944386.92374265,1818.6914995420293,801.1083096953289,1.18255615234375,25.130624418755744,12.521148067492339,22.04172038104533,12.540204609122476,25.28069104960116,12.521148067492339,38.08816646038127,25.850136658255614,22.843423315538317,15.509528342855589,23.293528228946546,17.44543996340503,22.073296246684777,14.703764893764227,26.025892799164854,15.954904056875748,-0.29164298608842687,992911.499993353,12636106.529617168,-9.623167590797824,-9.518464852961875
431,001739,5.869247873073876,0.9994830609015176,394630722.60131496,1705.2908526993133,751.0753758700018,1.220703125,24.547345015075617,11.255932713471466,21.48456045123974,10.343915926086577,22.94315919657982,11.255932713471466,36.079017888453464,24.740928431133415,20.842092318699788,14.93787302427869,21.553960744955827,16.200098246781383,16.34646080355621,12.286384362836902,20.56951199445082,12.47186378682266,-0.27444116326575724,810099.4306588997,11469454.369092263,-9.6876525657694,-9.536648134810102
431,001728,5.832231624271863,1.0086446225466403,392485408.67808247,1690.971476074356,744.6186115466114,1.220703125,24.764061749424204,11.236258928891232,18.408617892834865,11.431485360652886,23.267490006579962,11.236258928891232,36.18326657979788,24.093804140384794,20.603566294814783,15.547100636671924,21.665434719067036,16.534532796276427,21.716627329229087,14.338642281801079,21.677975093317272,14.255992431056733,-0.28754070779714586,1653104.234922686,11721597.816343,-9.375523277272801,-9.524836699656833
431,001536,5.186129827004318,1.1848732073638788,338699873.3586526,1452.5966398285375,636.1514909646471,1.373291015625,25.61949325919855,11.572792491968833,17.75261204431724,11.248092903898659,21.48960367772273,11.572792491968833,34.523877061003994,23.555604638739176,20.092595558838987,14.881755910195361,21.706705154330326,16.48325326670924,19.572455558463204,13.690594774594896,19.8611526464972,12.889943443666436,-0.2842781365064703,919678.1915638354,8870340.5477755,-9.566179146128805,-9.581874740789042
431,001440,4.863078928362501,1.2866713145888755,325922473.8246707,1344.2476686263503,587.4945654287241,1.2969970703125,25.878205151840685,12.31084545514397,18.434058153331918,12.670346437752833,25.41312606712948,12.31084545514397,43.0467501028651,29.25344465275274,23.285829292874727,17.61023644142852,26.795060775467974,19.5610446758177,16.550155267869737,11.983495463527667,15.422966434644025,10.355697850125761,-0.24376920482810777,93546.75585976089,17826973.935904644,-10.542085577012196,-9.262036678540992
431,001344,4.540028029726255,1.39987738574965,293539850.759944,1241.4229099504068,544.6867678501228,3.7384033203125,20.6314534881911,8.775061548519783,12.412523828615713,9.03984999935777,22.55076491522984,8.775061548519783,33.43212302696254,21.854465361213073,22.185360264193463,16.320316164632608,19.51483812015027,15.40831939521076,17.152670241335557,13.02351428446067,16.507069820704828,12.583935946122956,-0.2536407267449211,210632.41039404547,7110313.322765129,-10.144141871416867,-9.615778330340378
431,001268,4.284279401637359,1.499091733517762,283754981.57323545,1155.696714743798,511.461178409517,5.340576171875,21.902430147843983,11.367754432283899,16.868740178938335,12.206428495024912,22.896422146008547,11.367754432283899,32.43625166020316,21.630683198094758,22.324087179591814,15.896232141029461,23.438151873869206,17.32519493346733,16.233699296683884,11.798700415577958,16.663158037186605,12.795750615613048,-0.2390291793679806,352910.9683973704,5646431.555216228,-9.905278338348026,-9.701169426609653
431,001248,4.216977131086995,1.5268009671834444,281272328.6408874,1130.4951919113341,502.3050909954575,4.425048828125,23.84439696898851,9.25753203601586,12.72727453747043,11.105539707154058,24.00717790844121,9.25753203601586,32.28768927926098,22.74956830986769,23.897382119109007,17.5041146776745,25.140085286148583,18.7088942465449,13.657326698397245,11.162150253196923,13.09321480645736,10.579200478471678,-0.0753154735693469,688020.811887272,6154931.550940259,-9.611525433330085,-9.659903781203214
431,001152,3.893926232447935,1.6704464395322325,186312721.59736192,1014.5332886261067,460.0924727105818,1.220703125,21.062752133596742,9.88396191751363,14.439894519592178,9.599850663362474,19.671577826395062,9.88396191751363,28.869837818950547,19.777343144769574,19.046974095239662,14.05764625931544,20.817323005751813,14.565490689898208,15.427580762668759,10.013990753473891,12.637952887400065,8.652877726581123,-0.2475410623489405,122869.3448571196,2230689.84564592,-10.180798967310562,-9.921803319594956
431,001104,3.732400783128227,1.749737076322596,185263674.4534328,960.7109486541246,439.8131379181483,1.068115234375,21.481295867782393,7.748418627722691,11.902235258181275,7.882889686336814,17.7960428591585,7.748418627722691,28.513943341180845,19.99166417048865,17.08097020716693,12.59344291598098,16.741177998680538,12.356832726684836,13.050153762169463,9.809676614516993,14.887911573488608,10.00613760519183,-0.27646264024222095,147619.07736146633,1165812.0855713699,-10.098647786839758,-10.201161720254438
431,001056,3.57087533380848,1.8348024148864976,183588623.53550482,907.3943501402377,418.8617680866214,1.10626220703125,22.645036130436054,7.678633123900077,9.252474570008639,7.458552794681964,18.481661549915213,7.678633123900077,29.470695129717676,19.77625130531157,17.532574965377616,12.337559131989023,17.362308124851456,11.75486315797642,14.161953654434084,10.328138130993276,14.455499669694323,10.163213934789583,-0.23773853633378977,516700.0705855733,4486997.892044019,-9.550607244832063,-9.611889900200984
431,000972,3.2882057975011074,1.9998184905483125,178001295.94989076,814.5307185421608,381.5724978500176,1.220703125,21.725033760724088,8.113247465788374,9.23733101757806,8.039301621840304,18.584542141578144,8.113247465788374,27.708460137143565,18.99595004375175,18.539053613153747,12.67389049331102,17.69449445785236,12.508200924232305,11.418531676136958,9.016374637749788,13.310536489630831,9.794140639786798,-0.254221368854384,232644.04812297662,1256133.769857878,-9.8837312180431,-10.151387272903296
431,000960,3.247824435164414,2.025291841891539,178035956.42726368,801.2545233890796,375.9320193596797,1.373291015625,20.52906003078193,7.270254478052747,11.965693926355389,7.347986906790618,19.277408467171302,7.270254478052747,28.21474352484817,19.058205772768073,18.90337714962953,12.728394131425862,18.65103555411286,12.500558550399575,13.450514704365538,9.044720562800713,13.609953682660544,9.03137801969774,-0.2543070765770847,102631.46566915434,1616867.9258051922,-10.23922719091443,-10.041833176057596
431,000864,2.924773536526317,2.2494992472334023,166875525.94059253,698.3056823707755,333.4165204048991,1.373291015625,19.824213821550533,11.189054008881252,15.19702573988318,12.504566236718471,19.531801238107512,11.189054008881252,28.53708578899784,21.005098616834843,19.096057112563646,14.222524705622448,17.297272386889087,12.938811029743153,12.921413877724543,11.432896976788992,13.972640075591652,11.606280534203204,-0.2753256729744901,1438218.6590269618,3952382.2113001044,-9.064567728611067,-9.625533711499761
431,000775,2.625278432569588,2.496966179547638,144869029.19751588,607.6106972741209,297.6636025513236,1.52587890625,26.197221766257314,11.858416579348308,16.26936272824163,11.805463931043846,27.108402636270682,11.858416579348308,41.687367713915364,27.43269599418293,25.162372209201802,16.138419691984332,27.929654823891102,18.675530727459403,22.693837678335285,15.899254703926694,25.293505782265743,17.578179674497303,-0.09685805582429102,35376613.84054781,64838751.188471265,-7.612259288816747,-8.349140908186925
431,000768,2.6017226378771845,2.5184004086558462,90930496.26906489,599.3211503262689,293.27364367107737,0.858306884765625,39.548541097413775,15.623082418407105,35.77551999942939,15.27061480932089,26.428090040795816,15.623082418407105,31.581118372635636,21.157281065382563,24.5803150273256,15.849649140196938,26.40298926347715,16.48908988250437,28.270904434004922,16.255696575626068,27.702762257591296,15.60209271095311,-0.310330157911443,1226927.3661850616,16729544.562148139,-8.869890707976147,-8.735225443252682
431,000672,2.278671739236446,2.848559743307328,49123298.699426085,510.4293412508383,260.5171689872481,0.64849853515625,14.381523141220267,6.368822355677363,7.644587501480085,5.5303502941707325,15.597575982543452,6.368822355677363,21.659448362171204,14.690404368390746,15.65038829648712,10.65198304116721,15.631008313408175,11.126387533341319,10.5344267685685,8.01659662415789,10.492096460573045,8.25556853642901,-0.37036114476217524,184907.8785478094,1122392.6087447593,-9.424332106648883,-9.641142724520432
431,000635,2.1541625387164287,2.9972897389778157,48150637.08712685,475.6941693745797,245.69941095172427,0.743865966796875,16.069768857363638,5.109460864026779,9.560764490593899,5.01011713520398,14.951604764368708,5.109460864026779,19.637725459636904,15.402840059358788,14.737119537497009,11.212952319593304,14.683875934576504,10.51093795115456,11.246138678330329,6.954149736569365,10.626229179757168,6.277713419564087,-0.36820926134704224,112497.33849551,3690062.229817869,-9.631459789837237,-9.115568347468836
431,000576,1.9556208405943611,3.266336524173907,39183337.211098984,420.67149462255463,222.21583577922343,0.762939453125,22.84747375072785,4.981568472976662,4.201914722786569,4.821852420907457,19.359366289421384,4.981568472976662,27.82322810368176,19.068667010922105,18.66025353158168,13.611402723583343,19.106484092865767,13.483456199530654,8.031034744607322,6.067985470623743,8.542908499181895,7.093032401698409,-0.41714612438918197,4921.160809715982,6832820.262249279,-10.901033864931037,-8.758501424990806
431,000480,1.6325699419522244,3.816678440075689,20222413.287207533,332.46390603605664,182.7746947238466,0.6008148193359375,11.513096345506986,2.6488399469086312,3.1729559942511085,2.5819869716220802,15.491112432138664,2.6488399469086312,23.72452119215411,15.81267671957628,15.190404669373867,12.294741109984326,15.049788405164298,11.936233796646167,8.47627057919566,6.343939775616807,10.577433401615295,6.961860821952422,-0.43541745085604144,49230.19281848678,496293.68945651635,-9.61360144509239,-9.61009422882723
431,000454,1.5450769902361994,3.9979920300792915,20082131.426685914,310.94671990482175,172.14169919590844,0.514984130859375,14.413847133352006,1.540436374060671,1.819657923833486,1.5619186317913702,15.445960924158642,1.540436374060671,23.00849085332608,16.29129857417833,14.979328771056108,12.076454401918085,14.941436041694576,11.790077390148515,5.348039444624706,4.260410764127168,6.770844159932629,4.697475955124416,-0.3972224521025202,3976.632986834108,2772494.3668214246,-10.703294294235562,-8.85993913255443
