galaxyID,timestep,t,z,M_star,R_halflight_s,R_halflight_c,R_halfmass,sigma_allstars_global,sigma_allstars_los,sigma_youngstar_global,sigma_youngstar_los,sigma_allgas_global,sigma_allgas_los,sigma_coldgas_global,sigma_coldgas_los,sigma_hotgas_global,sigma_hotgas_los,sigma_gasNearYS_global,sigma_gasNearYS_los,alpha,SFR_10,SFR_100,sSFR_10,sSFR_100
634,004096,13.800820457575139,-1.7114978012148225e-13,446934822.90387106,3176.6741649005853,1657.8073445288655,1.8310546875,22.703032899256907,15.13326601974931,17.734426213970305,15.220157336191283,24.55476026433708,15.13326601974931,24.133610142238666,17.775623487397425,16.098486976100173,17.936094622118823,3.711908747269527,14.30119605898065,-0.19893936496871384,583457.8923014032,6444087.001659462,-9.884234675190925,-9.841082798811705
634,004032,13.5854531917821,0.015091542075529837,437893811.61474776,3101.6529241341896,1609.9346274363388,1.678466796875,21.674857404172492,11.87341172111788,12.516698525701615,11.754967218470483,23.24889508122821,11.87341172111788,21.57710265991577,15.953044081073756,17.236371738595818,15.651892597674673,15.053238415921742,12.181166736479753,-0.19401286167529902,638943.2369989263,5023783.739883849,-9.835906530079477,-9.940337871771755
634,003936,13.262402293139631,0.038368621193355164,423048101.9068203,2992.2961752116244,1540.8389914578106,1.678466796875,21.510340635207466,12.800681151410359,14.825127905560615,12.38825945889984,22.3130506628102,12.800681151410359,19.795346126585045,15.02130013078195,15.188676600338312,15.1618272865688,26.064104236399178,12.32709369774236,-0.1898417137642456,470105.2397153013,3380418.2507057684,-9.954194659048667,-10.097419313064918
634,003840,12.939351394490968,0.06245558196204101,410573927.69033223,2883.975312160069,1473.3317376137,1.52587890625,21.80414191045646,14.118190850680392,17.455357352635108,13.812411410814505,23.933045921664444,14.118190850680392,20.962152664979293,15.690683658793215,16.364885444767253,15.812595971891412,2.4308422168863935,13.267318650855131,-0.20902250011936357,692279.8663644997,4543858.987683982,-9.773109666124384,-9.955966522105793
634,003744,12.616300495852817,0.08740401184261687,399372326.7035161,2777.8121018450825,1407.6590404024823,1.52587890625,22.006632159460015,13.727331895054736,15.705682156251259,14.514950870336868,25.017255878312383,13.727331895054736,21.07650120921919,15.928326759825403,16.831747376813585,15.611918629434953,8.684333789259274,12.905380111711157,-0.20159568647994877,635273.3621184264,4699014.052323175,-9.79841732330072,-9.929371224680422
634,003648,12.293249597195336,0.11327055522136481,390117766.61986494,2672.697767764411,1343.7986876965651,1.4495849609375,21.503470811581153,15.893885486798709,21.478285820998757,15.869318474378591,26.214424700884653,15.893885486798709,24.186733388954217,17.954588294974887,17.62999979633353,17.922252252099494,17.243484582207266,15.38558715636609,-0.1987680610338698,796405.4001251125,5530800.969516008,-9.690061533111336,-9.848407698962678
634,003552,11.97019869852311,0.140117556347149,379845120.3644897,2569.461158514181,1281.5292595134642,1.4495849609375,21.436570524320377,12.494286153604673,12.75479910703025,11.09369219570094,24.023503092776306,12.494286153604673,22.538740797823912,16.752362929066184,17.43883206560639,16.78300088866365,0.0,11.644542096846523,-0.1947260422663163,472917.1605098182,5345338.2092923345,-9.904821478334092,-9.851631362645657
634,003456,11.647147799852378,0.16801380303487704,368391381.46584827,2468.13296721649,1221.8250587544076,1.48773193359375,21.065564766063922,13.89624798182813,17.42601655697113,14.929650258684678,22.63101930172591,13.89624798182813,22.63088413446645,17.004239706989708,16.67645769452718,16.970773825158496,4.729674613600604,14.543078270363933,-0.21233868766419858,444864.9409973031,3999431.574932183,-9.918081280170579,-9.964311190328441
634,003360,11.324096901198761,0.1970353901971908,355755105.0005261,2367.989467092136,1163.812247777233,1.4495849609375,20.83508060022887,14.590706104179098,15.992997502709342,14.111406632035699,23.68083240890962,14.590706104179098,22.975946691806488,18.111828832707474,17.352574143643512,17.04723590324203,0.0,14.569396620494253,-0.2105250066545168,702382.3826095914,4110231.954644738,-9.70457753090795,-9.937284809511274
634,003264,11.001046002549757,0.22726672654630586,345282400.1560753,2268.921528408373,1106.6175960841308,1.373291015625,21.15254203566016,14.205390455511225,16.291272734878817,13.578589132821701,24.75016303121815,14.205390455511225,27.357639814503603,18.926965768151135,17.94434018137059,19.65113603431523,34.04663266204893,14.361790251222494,-0.22075781192794577,705888.880649112,5343167.289492693,-9.6894381010912,-9.810375670174167
634,003168,10.67799510389531,0.2588017131894919,333991041.8867847,2172.8503710167706,1052.1143322122566,1.2969970703125,21.224898054764054,14.755574469729778,17.053526856020795,14.957335056764663,23.78017012444019,14.755574469729778,23.946524207980918,17.464903213329066,17.77220399119308,17.955684869836766,5.812040255375564,13.283386524364403,-0.20902748589257047,649853.7014986883,5133067.769591943,-9.710919221597628,-9.8133578204802
634,003072,10.354944205253654,0.291745129692924,323664730.77579415,2077.762250819379,999.0752209261173,1.2969970703125,21.09749572306797,15.373414800478953,18.821099927220445,16.25386717564261,23.87444989583415,15.373414800478953,25.193976079068527,18.30224068760718,18.225958858636343,18.406342554531093,12.690233232703015,15.482020213050914,-0.23071541449671096,633852.2703601281,4666804.6435030615,-9.708107327368557,-9.841075756289555
634,002976,10.031893306618887,0.32621427192856484,313284125.8407966,1984.6768787350215,946.8956882272888,1.220703125,20.369826821826322,14.02912124797443,16.50205245763566,14.116738357500981,23.31089238122605,14.02912124797443,24.5108433658688,18.038674692180134,17.7342808236316,18.155680398402474,15.737193690474305,14.834512083609267,-0.22348440545946657,587290.7857774971,4728554.927658619,-9.727085202575418,-9.82120995142843
634,002880,9.708842407976087,0.36234089724523405,304164792.6481054,1893.2555784949966,896.3632664070572,1.1444091796875,20.382207661437814,15.173543608000607,16.513990025479984,13.919046977271982,23.09286059325317,15.173543608000607,26.337226605050947,19.168825522390797,18.50793912316196,19.193436851952967,0.0,14.520387969436912,-0.23495871983313577,470714.4770597935,4642157.587266549,-9.810351387187575,-9.816389063284575
634,002784,9.385791509340931,0.40027354710332835,294183541.0732442,1803.32837061148,846.6602109064374,1.068115234375,21.201855994858455,15.961228291873493,20.472766366064366,15.835134865201866,22.53412773806227,15.961228291873493,27.12065840894635,19.13792506085318,18.869553857632738,19.577432222161228,0.0,15.170764284030774,-0.2568828674005749,524072.86386883457,4951010.411996152,-9.749226698426984,-9.773924531587632
634,002688,9.06274061070774,0.4401803363896221,283441971.95152503,1714.3046912304749,797.4682945225206,1.068115234375,20.796025914756555,11.415083399424569,14.689644802832857,11.756728644486106,22.21467460396855,11.415083399424569,25.974444990724415,18.101621962069103,18.324851786239925,18.14759603169388,26.87885853388298,12.722939887144175,-0.2456652299301172,329838.26828845654,4062666.7414610703,-9.934163119118985,-9.843652961965994
634,002592,8.739689712070197,0.4822523237308459,274723132.918283,1627.2487023456856,749.9867214792905,1.02996826171875,20.380054253351158,10.932945895527766,18.741201766709896,11.065708833878443,22.214371314754246,10.932945895527766,27.194594921292122,19.040452823661706,18.45901962205817,19.301589384566338,1.8564881423033388,14.52129999820109,-0.2680010343393123,587949.0325799574,4223408.465348033,-9.669555550391859,-9.813232144418611
634,002496,8.41663881343318,0.526707610608821,265025550.0883505,1541.9879497116633,703.887103651725,1.1444091796875,19.742483180125845,12.389870905098412,20.656896426765453,12.70194229211884,21.606119222217448,12.389870905098412,28.622664102422327,19.708891785071255,18.958580320247254,19.85843731279325,0.0,14.490876581944633,-0.26982855547237355,620398.4695306959,4133134.9454748724,-9.630617026830581,-9.807008159523683
634,002400,8.09358791479963,0.5737963620177718,257050971.73856157,1458.7463178892237,659.4442167221329,1.1444091796875,19.913764476175853,12.983842213145152,19.925042663760856,13.465424062727529,21.18481393464246,12.983842213145152,27.621622866485815,19.532051464904015,19.352291694457175,19.64604334378721,28.622810852594412,13.53930205733728,-0.29074125243780086,487354.92340856564,2956531.6591667957,-9.722173892185834,-9.939236716107148
634,002304,7.770537016155638,0.6238070024524416,249101935.72423813,1377.8858901569904,616.3895756174966,1.25885009765625,19.45745067949404,11.487049286211658,16.101246457010507,11.39379481449831,21.204390377452558,11.487049286211658,36.631927915050305,24.47221754022226,19.32989530240563,24.46946787751613,49.19099339013675,13.177593368481343,-0.298838741110939,305276.44995127193,3817762.4326065816,-9.911683799711623,-9.814568202256586
634,002208,7.447486117521756,0.677073924846552,239905393.26314932,1299.0275908476165,574.907306922221,1.2969970703125,19.97596634602976,10.789621210152944,14.435983146245356,10.914396081779257,21.116073798441814,10.789621210152944,35.63910778134058,22.76518049719084,19.115547544481846,23.378721501846062,22.513788045048504,13.211203421655629,-0.29061672370569086,295173.9623096831,3235258.8019001274,-9.909961966218304,-9.870130983932643
634,002112,7.124435218884123,0.7339871666914138,233244656.99149245,1222.1092864186787,534.6280963660915,1.316070556640625,19.593969827502583,12.51592085783699,18.233396448282246,13.575246593178068,21.618362098017204,12.51592085783699,41.444698361273886,27.349908238664632,19.40518710969043,27.045381934260817,34.44621167361616,12.80867538527457,-0.29551232240531555,538415.5802413347,4821310.049082805,-9.636694085346928,-9.6846466429971
634,002016,6.80138432024788,0.7950046716942583,222443685.00176746,1146.450260893846,495.45023303729704,1.41143798828125,19.412417811306902,11.891986599018832,16.889686006395355,12.182583405013022,19.93034261838084,11.891986599018832,33.17816742629211,21.179926369074288,17.83204540785349,21.428428433715816,0.0,14.040767701825466,-0.27956172515314476,213641.69449596555,2924265.231584029,-10.01753406707515,-9.881203320296365
634,001920,6.478333421609404,0.8606679900444211,214425882.2009865,1071.7338691090476,457.4969456768927,1.430511474609375,18.89895662876939,8.408813171869678,11.66321808740253,8.086471211566794,18.20299147535693,8.408813171869678,33.58914259296393,21.058133655982516,16.84770834950281,20.89047193797139,0.0,9.557515286523302,-0.2870407979731953,253657.228120912,4270560.017855014,-9.927029963226156,-9.700792375788403
634,001824,6.155282522966128,0.9316226108006774,205700305.13967678,997.9400872908368,420.6379918167877,1.41143798828125,19.392645200460883,11.171847484626342,16.772850545169696,10.67515312397948,18.53369860961149,11.171847484626342,30.46587766249053,21.598275098635717,16.835573009393876,21.73858863504831,0.0,12.57511693043524,-0.2876891464254697,1027043.4105893011,3140712.2116174023,-9.301646135394998,-9.81620679279819
634,001728,5.832231624322499,1.0086446225340455,199175936.8018,924.8395612100654,384.381470309663,1.354217529296875,19.46236972192423,9.46194878404459,15.622246230993504,9.847624044144759,18.88837073784361,9.46194878404459,33.26147025684313,23.712342010906482,17.36408454869276,23.911358167662176,44.749623212325254,10.749091967325885,-0.28935037820836984,199797.6925036914,2440386.3905451233,-9.998646400317307,-9.911778274128057
634,001632,5.509180725681128,1.0926761541034469,191040807.03208712,853.7701076330734,350.93716463986823,1.201629638671875,19.369664031432244,10.013967234787149,15.279291504034367,10.345501490820439,18.82837672299727,10.013967234787149,36.915942573455986,25.123152547944464,17.309638889445722,25.30802132165703,28.358613069475233,14.012582436788929,-0.31582212388632463,1467664.7417597428,4327625.774527463,-9.114499282941269,-9.644876445379573
634,001536,5.186129827034902,1.1848732073547203,181891149.23638853,784.0335282208337,319.67494158323905,1.1444091796875,18.602037265993488,8.325970141599974,11.043312696048288,8.4006553681204,18.73008966057653,8.325970141599974,34.727442280287335,23.27833837219116,17.5835487947686,23.428186753355913,6.427342672650037,9.089356494570946,-0.26953577963338904,143301.58635930033,2657238.794579585,-10.103560568854283,-9.835380982616362
634,001440,4.863078928392983,1.2866713145787636,176523508.97864854,716.9516069382262,288.69040904597273,0.9918212890625,20.565041537907145,8.908934376492606,14.030942768537507,8.982974510922817,21.306468817300544,8.908934376492606,42.216261892754865,28.927580104344898,20.224714217817674,28.539582542511376,19.97211458123695,11.115146563990546,-0.3007690982587522,533454.1184990405,3819917.842993195,-9.519705479454661,-9.664748529466243
634,001344,4.540028029745287,1.3998773857426015,163479909.62639466,650.474801444811,260.2951411681648,1.10626220703125,20.310505823409187,10.362620969240613,14.863720084366088,10.758149285308377,21.95007290148124,10.362620969240613,49.22437502507604,33.7468861760794,20.590203487867026,33.403838580236894,7.582229383494796,11.984727343418633,-0.2524250191811195,89463.46408001253,7345953.232607418,-10.261818678646547,-9.347416229837721
634,001248,4.216977131098722,1.5268009671785547,147958501.50801697,585.0717320201529,231.8280519141768,1.201629638671875,19.75417394880288,15.59737951660957,19.4751012756619,16.247655422827318,22.622328363557383,15.59737951660957,43.04094514585947,28.501571165603018,21.653738950795827,28.423094721577264,31.764651193075437,13.98919364447903,-0.3304440291373032,1482212.4406033286,5852187.335705209,-8.999229470129055,-9.402821704248595
634,001152,3.8939262324479804,1.6704464395322098,131858494.20747176,521.9464004699498,204.02180645276675,1.6021728515625,19.846737751873228,10.918817343296384,19.872526835544797,11.256406716880747,25.737261124217802,10.918817343296384,60.11142716057318,37.272670439707284,23.61421764241075,37.645008319553966,34.068303698467815,13.850552595051301,-0.2860454435419354,3649149.2398597966,11097178.780356519,-8.557916486755603,-9.074895529133068
634,001056,3.5708753338081696,1.8348024148866668,110267251.46620806,457.1704932505386,172.35487845617988,2.155303955078125,18.670072564403522,9.228398043547777,10.800202457448375,9.456177772535842,22.471589672117062,9.228398043547777,51.33691035511757,34.01166785033562,21.189357582621472,33.43262823593406,21.43324490670254,11.414945448003024,-0.30065421683453697,177155.88873282066,4234564.231007201,-9.794090956404645,-9.415637824688739
634,000960,3.247824435164525,2.025291841891469,99771721.67555806,396.2652278714788,141.61008907761618,2.6798248291015625,18.520833515363616,5.30430484858819,6.478395189316261,5.17648044704336,21.080565664210056,5.30430484858819,50.29871299010486,32.287955540922965,19.68812717063253,32.94250791065231,17.933688950074366,9.735516571648553,-0.3359575178338275,212094.4069966186,3601237.046971381,-9.672478250361857,-9.442555757323753
634,000864,2.924773536519792,2.249499247238337,83097203.62262383,338.1725196496718,116.56988750446376,0.667572021484375,22.75489680331654,8.576874038476234,12.057606054725229,8.680865921318276,19.17405793863839,8.576874038476234,39.17235567357206,27.524560061574437,18.30523159181747,27.281448995141517,18.6951872600995,12.178049434182155,-0.3706408546752771,536126.3579722716,4251857.865871772,-9.190319249915458,-9.291007671013766
634,000768,2.6017226378799023,2.5184004086533545,73755375.16198114,283.91503220817845,94.25582645964096,0.782012939453125,17.195985246967375,7.289271243135248,11.737667140179122,7.8782280704516445,21.65317291036242,7.289271243135248,46.03077042875341,36.38150571759157,20.695299673736514,36.42388642792555,32.88889503914087,11.370324859458112,-0.3864440562449502,963016.2639541697,4522654.789984851,-8.884160054628168,-9.21240023670246
634,000672,2.278671739237661,2.8485597433059424,53964102.10220545,232.2778028237311,75.2586639506075,1.468658447265625,22.687600695301295,8.91523236925082,16.84194547252718,8.748727553908164,20.19582257355963,8.91523236925082,50.889751339334516,30.40077096150413,18.8433728166992,30.68358560718194,0.0,19.908088574196753,-0.28731376373122774,189056.94478437005,3543341.1027667024,-9.455512320030344,-9.18269199324262
634,000576,1.9556208405927953,3.266336524176207,51257458.75217042,185.66762185697223,56.38586595650419,5.76019287109375,20.613108807902304,4.219422997215081,3.2634368177358803,4.441019089774432,15.40712203447504,4.219422997215081,45.4449579962849,30.032003770411414,15.412966394488821,28.85344161281725,nan,7.788983400982541,-0.3308968607475181,15444.35114849557,2674026.4070308213,-10.52098740353852,-9.282591379112374
634,000480,1.6325699419511532,3.816678440077808,41464335.107488595,137.8735930729467,34.83760013025538,9.307861328125,19.39615767115755,8.370034568419047,16.31604541979857,8.293408291329582,14.66742726506158,8.370034568419047,49.448199385626985,32.307243470629174,14.127326216849472,33.08204279013597,28.404844996739026,10.635376888519591,-0.4785767228779035,1867909.2832144292,6321329.343389166,-8.346318925254637,-8.816866287931452
634,000384,1.3095190433096757,4.583801636520739,30038715.154476546,96.72731208925092,19.84558938759237,16.44134521484375,19.143730239951005,4.332879818751072,7.504437688503068,4.478036220091855,13.317228141031178,4.332879818751072,41.86806821631917,26.08746968777657,14.86020596494098,26.171628995545795,20.719425603592374,8.636561016256344,-0.46527281553768546,624140.518982764,1635696.7460269995,-8.682398974916907,-9.263978562940485
634,000288,0.9864681446653375,5.748642531729334,21187047.07143253,60.57910743659464,17.496489085928303,14.95361328125,11.359905073516924,11.535619274547713,16.885710779627654,11.952827919528055,10.398183999025335,11.535619274547713,25.445512644902696,15.622132536011089,11.099238057458896,15.561197837023169,5.926468333996267,13.008330199357474,-0.6260360557344169,48073.66079628533,649602.1658549893,-9.644163236670105,-9.513422967237767
634,000192,0.6634172460198644,7.795747492274411,19835088.87121969,32.64998470216987,13.325236731732991,15.039443969726562,11.811421128092237,4.853464253552991,7.59985166674837,4.792238971422471,10.681897684172581,4.853464253552991,21.944829349778576,14.714511637937832,12.203410915771872,14.46650763414589,nan,9.107975784307811,-0.6141107601201138,119507.46024631002,447850.06755200645,-9.220039133734872,-9.646301506615412
