galaxy,sigmaCentral,fWings,sigmaWings,a
431,6.702094715319114,[[-inf -inf -inf ... -inf -inf -inf]
 [-inf -inf -inf ... -inf -inf -inf]
 [-inf -inf -inf ... -inf -inf -inf]
 ...
 [-inf -inf -inf ... -inf -inf -inf]
 [-inf -inf -inf ... -inf -inf -inf]
 [-inf -inf -inf ... -inf -inf -inf]],[[27.65289377 27.65289377 27.65289377 ... 27.65289377 27.65289377
  27.65289377]
 [27.65289377 27.65289377 27.65289377 ... 27.65289377 27.65289377
  27.65289377]
 [27.65289377 27.65289377 27.65289377 ... 27.65289377 27.65289377
  27.65289377]
 ...
 [27.65289377 27.65289377 27.65289377 ... 27.65289377 27.65289377
  27.65289377]
 [27.65289377 27.65289377 27.65289377 ... 27.65289377 27.65289377
  27.65289377]
 [27.65289377 27.65289377 27.65289377 ... 27.65289377 27.65289377
  27.65289377]],[[-0. -0. -0. ... -0. -0. -0.]
 [-0. -0. -0. ... -0. -0. -0.]
 [-0. -0. -0. ... -0. -0. -0.]
 ...
 [-0. -0. -0. ... -0. -0. -0.]
 [-0. -0. -0. ... -0. -0. -0.]
 [-0. -0. -0. ... -0. -0. -0.]]
431,6.702094715319114,[[-inf -inf -inf ... -inf -inf -inf]
 [-inf -inf -inf ... -inf -inf -inf]
 [-inf -inf -inf ... -inf -inf -inf]
 ...
 [-inf -inf -inf ... -inf -inf -inf]
 [-inf -inf -inf ... -inf -inf -inf]
 [-inf -inf -inf ... -inf -inf -inf]],[[27.65289377 27.65289377 27.65289377 ... 27.65289377 27.65289377
  27.65289377]
 [27.65289377 27.65289377 27.65289377 ... 27.65289377 27.65289377
  27.65289377]
 [27.65289377 27.65289377 27.65289377 ... 27.65289377 27.65289377
  27.65289377]
 ...
 [27.65289377 27.65289377 27.65289377 ... 27.65289377 27.65289377
  27.65289377]
 [27.65289377 27.65289377 27.65289377 ... 27.65289377 27.65289377
  27.65289377]
 [27.65289377 27.65289377 27.65289377 ... 27.65289377 27.65289377
  27.65289377]],[[-0. -0. -0. ... -0. -0. -0.]
 [-0. -0. -0. ... -0. -0. -0.]
 [-0. -0. -0. ... -0. -0. -0.]
 ...
 [-0. -0. -0. ... -0. -0. -0.]
 [-0. -0. -0. ... -0. -0. -0.]
 [-0. -0. -0. ... -0. -0. -0.]]
